0.000449808 -0.00106335 0.000359617
0.0029548 -0.00491363 0.00119759
0.0085154 -0.0089455 0.000969257
0.0150137 -0.00894064 -0.00107767
0.0193864 -0.00683076 -0.00336851
0.020753 -0.00654689 -0.00553028
0.019195 -0.0100985 -0.00825715
0.0151104 -0.0187451 -0.0115489
0.0109042 -0.0315592 -0.0156511
0.00928113 -0.0482466 -0.0206841
0.0100721 -0.0703103 -0.0259415
0.00934361 -0.0935278 -0.0317254
0.00608302 -0.112114 -0.0387222
0.00408033 -0.126782 -0.0463404
0.00342707 -0.139101 -0.0538369
0.00362986 -0.148353 -0.0597311
0.00622636 -0.153763 -0.0634787
0.0094947 -0.156872 -0.0664306
0.0112368 -0.156658 -0.0693378
0.012469 -0.150531 -0.0723225
0.0126474 -0.140451 -0.075308
0.00903068 -0.125769 -0.0774635
0.00166855 -0.106613 -0.0780022
-0.00890701 -0.0896534 -0.0773778
-0.0232009 -0.0790506 -0.076359
-0.0398091 -0.07196 -0.0754755
-0.0567299 -0.0643592 -0.074151
-0.0742107 -0.0570408 -0.071324
-0.0943481 -0.0522717 -0.0686292
-0.118686 -0.0491793 -0.0689663
-0.147463 -0.0455193 -0.0745385
-0.181756 -0.0412442 -0.0868468
-0.219459 -0.0394246 -0.104957
-0.255521 -0.0414124 -0.126347
-0.289672 -0.0437764 -0.149202
-0.322181 -0.0427098 -0.171268
-0.351293 -0.0389979 -0.191578
-0.376427 -0.0346709 -0.21148
-0.398226 -0.0295343 -0.231873
-0.417957 -0.0254483 -0.25225
-0.434965 -0.024695 -0.269713
-0.450088 -0.0270992 -0.282789
-0.466024 -0.031464 -0.29415
-0.47924 -0.037788 -0.304925
-0.485616 -0.0428322 -0.314274
-0.491067 -0.0409174 -0.323644
-0.499014 -0.0345661 -0.332111
-0.502444 -0.0299076 -0.335383
-0.501229 -0.0284806 -0.335218
-0.502172 -0.0285253 -0.336817
-0.50431 -0.0304128 -0.339459
-0.505155 -0.0361311 -0.342202
-0.508072 -0.0440604 -0.34655
-0.513812 -0.0508179 -0.350337
-0.518908 -0.0551668 -0.351202
-0.517739 -0.059493 -0.346129
-0.502195 -0.0687377 -0.330064
-0.470528 -0.0818791 -0.303309
-0.428699 -0.092212 -0.270493
-0.381464 -0.0975111 -0.23501
-0.330705 -0.0993952 -0.198525
-0.277913 -0.100942 -0.16173
-0.223094 -0.104206 -0.125245
-0.166361 -0.107026 -0.0915943
-0.111415 -0.111252 -0.0638881
-0.063755 -0.122994 -0.0423438
-0.0245603 -0.140812 -0.0254418
0.00902183 -0.160671 -0.011794
0.0379957 -0.183105 -0.000641448
0.0622385 -0.207968 0.00832688
0.0818445 -0.232968 0.0162747
0.0983957 -0.256954 0.0241021
0.114878 -0.280262 0.0310764
0.131513 -0.301085 0.0362422
0.146028 -0.318601 0.039374
0.156254 -0.33527 0.0397266
0.162137 -0.349767 0.036502
0.166454 -0.35756 0.0295323
0.172542 -0.358104 0.0189145
0.180217 -0.356347 0.00671526
0.186989 -0.357191 -0.0039693
0.191655 -0.357862 -0.0122585
0.192362 -0.354305 -0.0196738
0.189152 -0.350628 -0.02789
0.18426 -0.348623 -0.0377448
0.177875 -0.343526 -0.0490806
0.170141 -0.334782 -0.0599933
0.163222 -0.32793 -0.0688016
0.159374 -0.323149 -0.0752352
0.15821 -0.314206 -0.0790307
0.156186 -0.302607 -0.0806076
0.152152 -0.293666 -0.0799681
0.149163 -0.286941 -0.0756738
0.148413 -0.280579 -0.0677749
0.150457 -0.275397 -0.0572146
0.156055 -0.271922 -0.0451653
0.164031 -0.270116 -0.033518
0.174391 -0.272329 -0.0234513
0.189042 -0.281486 -0.0146914
0.208136 -0.296541 -0.00546757
0.229291 -0.31274 0.00423535
0.249975 -0.328275 0.0133989
0.269304 -0.340579 0.0232622
0.287613 -0.348768 0.034223
0.303261 -0.357999 0.0439275
0.31599 -0.369051 0.0522719
0.326817 -0.378368 0.0613495
0.332551 -0.384139 0.0701827
0.331228 -0.389363 0.078643
0.323313 -0.396375 0.0876457
0.310713 -0.399458 0.0953665
0.297353 -0.397097 0.100912
0.283318 -0.39497 0.10368
0.267639 -0.395391 0.101848
0.251862 -0.39754 0.0963548
0.234904 -0.400565 0.0905956
0.213726 -0.405725 0.0851746
0.18918 -0.41334 0.0783466
0.165213 -0.418327 0.0708991
0.143808 -0.417546 0.0639865
0.125802 -0.412842 0.0572866
0.112504 -0.40494 0.0513721
0.104891 -0.396202 0.0456927
0.100236 -0.385174 0.0372846
0.0950679 -0.366986 0.0274084
0.0922393 -0.342896 0.0188562
0.0924863 -0.317178 0.00698089
0.0919615 -0.294805 -0.0109628
0.0909981 -0.277497 -0.0312713
0.0929291 -0.264505 -0.0507907
0.0968098 -0.257715 -0.06831
0.104327 -0.257769 -0.0800843
0.120617 -0.260815 -0.0809912
0.135295 -0.265992 -0.0772533
0.141729 -0.274254 -0.0731187
0.14516 -0.282881 -0.065882
0.146636 -0.293172 -0.0567859
0.156155 -0.305445 -0.0386003
0.169618 -0.313702 -0.0163619
0.175723 -0.314423 -0.000611169
0.1797 -0.309605 0.0136943
0.18161 -0.30309 0.0263582
0.184686 -0.2988 0.0391224
0.191129 -0.300562 0.0530014
0.19486 -0.307543 0.0637886
0.194982 -0.315173 0.0718503
0.19637 -0.325896 0.0781943
0.202448 -0.344788 0.0827085
0.210805 -0.364938 0.0856145
0.221134 -0.380564 0.0910891
0.231485 -0.397742 0.100533
0.23607 -0.421023 0.109081
0.23479 -0.446979 0.115381
0.230382 -0.468583 0.12109
0.225585 -0.482837 0.128002
0.222722 -0.488656 0.138347
0.220358 -0.485326 0.150826
0.214864 -0.479481 0.161758
0.206531 -0.477516 0.170264
0.198143 -0.478629 0.176689
0.190693 -0.479785 0.181099
0.182996 -0.476412 0.183909
0.174642 -0.467288 0.185578
0.167652 -0.454302 0.187432
0.161431 -0.435997 0.188273
0.152196 -0.415704 0.184659
0.138286 -0.401624 0.176542
0.123512 -0.395747 0.168618
0.111842 -0.394493 0.164073
0.103156 -0.394056 0.160014
0.0981596 -0.391432 0.155433
0.100481 -0.384539 0.154375
0.109648 -0.374229 0.15646
0.120493 -0.365303 0.157505
0.132856 -0.3629 0.158879
0.149478 -0.368151 0.163903
0.167687 -0.379394 0.170563
0.184288 -0.393188 0.176463
0.199096 -0.407869 0.181817
0.212902 -0.42467 0.184607
0.226427 -0.441586 0.181519
0.237549 -0.455699 0.172756
0.244786 -0.467838 0.159819
0.249703 -0.475145 0.142657
0.25487 -0.472108 0.122617
0.261596 -0.460279 0.100861
0.266929 -0.442695 0.0755645
0.268689 -0.423981 0.046936
0.269301 -0.409258 0.0189558
0.269781 -0.39685 -0.00634151
0.269452 -0.384801 -0.0294157
0.26971 -0.373247 -0.0498443
0.272065 -0.361032 -0.0674405
0.275109 -0.348089 -0.0836407
0.276684 -0.334497 -0.0987036
0.276552 -0.318673 -0.110803
0.276126 -0.302578 -0.118411
0.278926 -0.289608 -0.1215
0.285286 -0.279339 -0.12134
0.291311 -0.27167 -0.118894
0.294615 -0.268594 -0.114456
0.295039 -0.270513 -0.108858
0.294731 -0.276313 -0.103016
0.295777 -0.283873 -0.0962242
0.298657 -0.288996 -0.0877856
0.303388 -0.288821 -0.0793635
0.309935 -0.283431 -0.0722344
0.319236 -0.274643 -0.0649007
0.329209 -0.266495 -0.0556523
0.334691 -0.261799 -0.0442222
0.331537 -0.258108 -0.031359
0.318784 -0.252227 -0.0175442
0.298219 -0.24348 -0.00336861
0.272464 -0.234734 0.0104285
0.243391 -0.229735 0.0243141
0.208666 -0.227958 0.0380024
0.16931 -0.229123 0.0509644
0.130173 -0.230985 0.0645556
0.0909217 -0.23021 0.0807592
0.0497219 -0.230155 0.0986675
0.00876218 -0.233303 0.115512
-0.0263477 -0.236731 0.129988
-0.053376 -0.240207 0.141438
-0.0745719 -0.245274 0.148739
-0.0902112 -0.250663 0.151216
-0.10116 -0.254807 0.150628
-0.112954 -0.258174 0.148133
-0.128005 -0.259216 0.143513
-0.141114 -0.25427 0.139671
-0.14971 -0.244706 0.138226
-0.156074 -0.234381 0.136914
-0.160269 -0.223866 0.134912
-0.161696 -0.208229 0.134096
-0.162328 -0.185319 0.133061
-0.167258 -0.159553 0.126027
-0.174985 -0.136606 0.113672
-0.180225 -0.121206 0.0982894
-0.180006 -0.111587 0.0820502
-0.174326 -0.10762 0.0687125
-0.17254 -0.113353 0.0522791
-0.174301 -0.121389 0.0343811
-0.177651 -0.118229 0.0210895
-0.195834 -0.104681 0.00401059
-0.225662 -0.0924534 -0.01317
-0.250929 -0.0844551 -0.0178217
-0.277991 -0.0758563 -0.0191632
-0.309997 -0.0637671 -0.0234712
-0.333731 -0.0512087 -0.0219424
-0.358732 -0.0451051 -0.0234981
-0.389799 -0.0454561 -0.0351088
-0.414224 -0.0521378 -0.0496521
-0.43337 -0.0649993 -0.0685237
-0.44859 -0.0779388 -0.0907511
-0.460548 -0.0914834 -0.11506
-0.473113 -0.104766 -0.143336
-0.487639 -0.113792 -0.172666
-0.500877 -0.125382 -0.199314
-0.507822 -0.145668 -0.221649
-0.508587 -0.170595 -0.24043
-0.501803 -0.18866 -0.255165
-0.488436 -0.18949 -0.263901
-0.476716 -0.180101 -0.267704
-0.472579 -0.171201 -0.269081
-0.472872 -0.157578 -0.267663
-0.471462 -0.134121 -0.263911
-0.467365 -0.10414 -0.260448
-0.462718 -0.0737798 -0.257764
-0.460539 -0.0479347 -0.255574
-0.463416 -0.027002 -0.253819
-0.468478 -0.0118201 -0.252003
-0.47195 -0.000409187 -0.250519
-0.475362 0.013754 -0.24914
-0.478998 0.0301602 -0.246918
-0.479147 0.0400915 -0.244432
-0.474295 0.038267 -0.242965
-0.466093 0.0251883 -0.243025
-0.455315 -1.44077e-05 -0.244319
-0.444194 -0.0396228 -0.246409
-0.437442 -0.0938265 -0.248489
-0.43675 -0.152163 -0.251192
-0.437572 -0.193414 -0.256293
-0.435296 -0.212839 -0.261612
-0.431667 -0.232214 -0.263964
-0.43075 -0.2658 -0.265058
-0.434506 -0.302046 -0.268544
-0.442487 -0.325884 -0.27427
-0.452003 -0.336378 -0.278887
-0.461031 -0.345272 -0.280947
-0.471945 -0.36153 -0.281881
-0.486399 -0.380772 -0.283634
-0.503145 -0.397067 -0.287026
-0.52107 -0.408124 -0.292154
-0.535941 -0.413098 -0.298056
-0.544303 -0.41503 -0.302482
-0.548387 -0.41472 -0.304187
-0.55131 -0.407114 -0.30397
-0.555591 -0.389353 -0.303791
-0.561124 -0.367523 -0.304166
-0.564916 -0.345796 -0.303749
-0.565146 -0.32171 -0.300857
-0.561079 -0.296176 -0.29367
-0.551564 -0.270463 -0.282752
-0.538286 -0.244058 -0.271639
-0.524336 -0.22079 -0.262028
-0.510353 -0.20296 -0.254357
-0.496125 -0.185264 -0.249823
-0.480753 -0.166007 -0.247302
-0.464727 -0.150178 -0.244783
-0.448271 -0.13782 -0.240742
-0.429271 -0.125437 -0.232871
-0.406971 -0.111499 -0.220385
-0.383455 -0.0953757 -0.205295
-0.360461 -0.0780781 -0.189355
-0.33885 -0.0602597 -0.172676
-0.320376 -0.04219 -0.156471
-0.305566 -0.0226686 -0.14103
-0.292769 -0.000994114 -0.12316
-0.279752 0.0196567 -0.100663
-0.264321 0.0375985 -0.0727533
-0.244012 0.0536862 -0.0407172
-0.218415 0.0685008 -0.00960251
-0.186386 0.0800219 0.0185841
-0.145418 0.086587 0.0449082
-0.0985559 0.089683 0.0680132
-0.0500823 0.0924458 0.0856716
-0.00108953 0.09638 0.098602
0.0479875 0.0990878 0.109934
0.0948327 0.101484 0.118411
0.136615 0.107829 0.12077
0.175701 0.116768 0.121044
0.215416 0.125403 0.123698
0.252101 0.136048 0.125908
0.283431 0.148841 0.127941
0.310996 0.157057 0.135349
0.330681 0.157911 0.147514
0.341099 0.155742 0.160437
0.346764 0.153804 0.173086
0.35019 0.154336 0.18559
0.353598 0.159201 0.197899
0.358406 0.169155 0.20887
0.364297 0.183304 0.216871
0.371216 0.199646 0.220497
0.379074 0.216592 0.219483
0.384718 0.229916 0.213101
0.38553 0.23646 0.20244
0.386746 0.241042 0.193272
0.394959 0.245064 0.189343
0.409065 0.244394 0.188942
0.425024 0.241958 0.189146
0.439886 0.240298 0.188571
0.450162 0.239856 0.186069
0.458343 0.241759 0.182103
0.468288 0.243088 0.179125
0.477949 0.242274 0.179415
0.488678 0.238919 0.185731
0.501972 0.232271 0.196714
0.514312 0.226141 0.205533
0.524558 0.224917 0.21007
0.534313 0.224389 0.213948
0.544487 0.217551 0.21793
0.555396 0.206773 0.222114
0.566309 0.196915 0.229563
0.575223 0.1894 0.240876
0.579919 0.187523 0.253158
0.581486 0.191312 0.264276
0.582531 0.193941 0.273379
0.583026 0.194918 0.278447
0.582673 0.202515 0.278084
0.577772 0.217905 0.274475
0.565863 0.23448 0.26914
0.551888 0.255692 0.260552
0.540316 0.285493 0.248945
0.530983 0.312003 0.236351
0.520309 0.330497 0.222561
0.507508 0.345827 0.206537
0.49537 0.355901 0.19042
0.485267 0.355141 0.177195
0.478736 0.33847 0.166054
0.477553 0.311468 0.155793
0.480643 0.284963 0.146868
0.484715 0.261332 0.138835
0.485864 0.238046 0.130949
0.481087 0.214691 0.123522
0.47197 0.194325 0.11772
0.465665 0.177322 0.113248
0.466074 0.160353 0.108792
0.470663 0.141272 0.10382
0.476972 0.123529 0.0977581
0.482036 0.110343 0.0897064
0.483121 0.0995914 0.0793168
0.481558 0.0903805 0.0680246
0.48079 0.0872996 0.0577357
0.48271 0.0938313 0.0494213
0.486802 0.103341 0.0435113
0.490597 0.107522 0.0399522
0.493007 0.10451 0.03864
0.494254 0.0988893 0.0383072
0.495621 0.095654 0.0374342
0.499695 0.0922833 0.0369934
0.505022 0.0906596 0.0384003
0.50753 0.0969967 0.0418078
0.506716 0.108001 0.047928
0.503306 0.117318 0.0571126
0.494803 0.123318 0.0668699
0.478405 0.12773 0.0748566
0.455072 0.13613 0.0811424
0.428881 0.150997 0.0854893
0.401252 0.169991 0.0860033
0.370805 0.191256 0.0820616
0.336539 0.210342 0.0760451
0.297999 0.223165 0.0702397
0.256268 0.230646 0.0646042
0.212326 0.236244 0.0585617
0.166783 0.239265 0.0530704
0.121449 0.238064 0.0481686
0.0782507 0.234578 0.0429768
0.0408943 0.2289 0.0388394
0.0121571 0.219499 0.0373117
-0.0100532 0.206872 0.0379252
-0.0269465 0.195353 0.0391233
-0.0398595 0.18774 0.040344
-0.0508552 0.182837 0.0425435
-0.0594445 0.179847 0.0459405
-0.0639162 0.177254 0.0508535
-0.0627207 0.170782 0.0593168
-0.0576921 0.159117 0.0715359
-0.0532222 0.147409 0.0835383
-0.0502508 0.140452 0.0923619
-0.0472877 0.13803 0.0996084
-0.0445909 0.136773 0.106179
-0.0432233 0.134269 0.110822
-0.0438548 0.131595 0.113535
-0.0423227 0.13017 0.116087
-0.0352414 0.127387 0.12106
-0.026763 0.119412 0.127566
-0.0184091 0.104623 0.132791
-0.00900525 0.0842025 0.137716
-2.59854e-05 0.0616762 0.142695
0.0110194 0.0389414 0.144158
0.0271067 0.0160007 0.141872
0.0449495 -0.00565403 0.139834
0.0583401 -0.0245542 0.138711
0.0629573 -0.039281 0.137083
0.0605513 -0.0466324 0.135196
0.055932 -0.0450128 0.133321
0.0516306 -0.0362666 0.130704
0.0474876 -0.0224882 0.126777
0.0436342 -0.00490499 0.121753
0.0406001 0.0164683 0.115775
0.0378241 0.0382652 0.109557
0.0359798 0.0540618 0.103903
0.0384985 0.0643827 0.100507
0.0467122 0.0726774 0.10134
0.0545528 0.0799434 0.103836
0.0571705 0.0860445 0.104403
0.0569937 0.0896189 0.103286
0.0588212 0.0914945 0.102338
0.0634043 0.0924135 0.102351
0.0661551 0.0893586 0.102393
0.0680964 0.0836379 0.101971
0.0744917 0.0789236 0.102319
0.084175 0.0722929 0.104125
0.0907107 0.0599983 0.105567
0.0892071 0.0432403 0.103886
0.0823475 0.0230834 0.0985861
0.0760523 0.000598335 0.0914006
0.0718897 -0.0208779 0.0837577
0.0671073 -0.0405473 0.0758536
0.0573543 -0.0582029 0.0665252
0.0431416 -0.0722443 0.0551773
0.0296908 -0.0805352 0.0427319
0.0179717 -0.0847083 0.0291691
0.006382 -0.0883844 0.0142665
-0.00617446 -0.0875957 -0.00109512
-0.0215096 -0.0789188 -0.0149796
-0.0377019 -0.0657728 -0.0254724
-0.0515919 -0.0508195 -0.0344909
-0.0650364 -0.0381529 -0.0453816
-0.0812212 -0.0294871 -0.0581288
-0.0979628 -0.0178904 -0.0717362
-0.11102 -0.00148979 -0.0847166
-0.120652 0.014485 -0.0943949
-0.128193 0.0277706 -0.10026
-0.133965 0.0375851 -0.103255
-0.138994 0.0438189 -0.102959
-0.143581 0.048863 -0.0988236
-0.146967 0.0503116 -0.0905916
-0.148889 0.0439075 -0.0775857
-0.149534 0.0340543 -0.0605481
-0.150466 0.0242449 -0.0408851
-0.153063 0.01202 -0.0193789
-0.154109 -0.0030055 0.0032357
-0.15148 -0.0185213 0.0249203
-0.148622 -0.03071 0.0424623
-0.145611 -0.0379853 0.0565711
-0.138117 -0.0425958 0.0700068
-0.12712 -0.0433253 0.0814913
-0.115866 -0.0403811 0.0904629
-0.104396 -0.0414162 0.0996717
-0.0939215 -0.0496618 0.10861
-0.0865844 -0.0596635 0.114914
-0.0840377 -0.0691419 0.11838
-0.0882625 -0.0811453 0.119204
-0.0991883 -0.0960591 0.11899
-0.113796 -0.111457 0.120119
-0.128874 -0.127556 0.123037
-0.14197 -0.144352 0.128484
-0.150235 -0.157541 0.137703
-0.151557 -0.167822 0.150195
-0.14776 -0.178885 0.164663
-0.142815 -0.188273 0.180157
-0.137788 -0.196493 0.196262
-0.1314 -0.207492 0.213232
-0.123549 -0.216771 0.230229
-0.114991 -0.218407 0.245847
-0.105082 -0.215921 0.260933
-0.0926568 -0.210738 0.27622
-0.0759254 -0.198989 0.291524
-0.0543862 -0.181492 0.306521
-0.0296378 -0.160857 0.318754
-0.00245985 -0.140582 0.325932
0.0266188 -0.123738 0.328762
0.0584581 -0.109004 0.329503
0.0949256 -0.0948687 0.329035
0.133019 -0.0816125 0.325578
0.168534 -0.0677712 0.317541
0.203787 -0.0504494 0.306138
0.241282 -0.0332287 0.294132
0.275451 -0.0208111 0.281233
0.299727 -0.00948972 0.264203
0.315871 0.00363167 0.242152
0.328738 0.0173277 0.216782
0.339798 0.03243 0.190358
0.347093 0.0487884 0.163837
0.347492 0.0636377 0.137379
0.339674 0.0774269 0.112951
0.324128 0.0895339 0.0904268
0.301848 0.0970327 0.0667305
0.275758 0.104064 0.0427136
0.249309 0.11402 0.0213644
0.222259 0.123157 0.00387196
0.193465 0.131284 -0.00734517
0.163409 0.141707 -0.0113186
0.133044 0.152305 -0.0115664
0.103789 0.159306 -0.0113738
0.0775114 0.160388 -0.0120434
0.0569203 0.154319 -0.0122356
0.0417507 0.146866 -0.00942309
0.0256737 0.144031 -0.0057258
0.00440145 0.147449 -0.00435521
-0.0173834 0.154833 -0.00289976
-0.0338947 0.156165 0.000754406
-0.0469705 0.146029 0.00324446
-0.0613377 0.130462 0.00222832
-0.0816914 0.11556 -0.00312618
-0.110231 0.105255 -0.0134632
-0.143947 0.103572 -0.0268401
-0.181854 0.110782 -0.0414421
-0.222952 0.124165 -0.0547174
-0.262617 0.141676 -0.0654297
-0.299509 0.160798 -0.0754063
-0.334965 0.179785 -0.0847651
-0.36807 0.199752 -0.0928545
-0.398025 0.219254 -0.100387
-0.425237 0.237744 -0.107935
-0.448661 0.258552 -0.114626
-0.467226 0.278694 -0.121143
-0.480992 0.291088 -0.128408
-0.490298 0.29784 -0.134312
-0.495046 0.304445 -0.137617
-0.495614 0.310315 -0.13737
-0.495652 0.314963 -0.132393
-0.498369 0.316324 -0.123957
-0.501977 0.313297 -0.113874
-0.504059 0.308435 -0.104904
-0.505473 0.298547 -0.100192
-0.505567 0.283399 -0.0994751
-0.501787 0.268805 -0.100865
-0.49349 0.257068 -0.103275
-0.481659 0.24818 -0.104819
-0.467952 0.240057 -0.101799
-0.455034 0.230005 -0.0941806
-0.445918 0.217901 -0.0851211
-0.437518 0.20418 -0.072992
-0.427231 0.188307 -0.0561837
-0.420756 0.172102 -0.0382033
-0.419429 0.158965 -0.0212797
-0.418756 0.147226 -0.00294252
-0.416441 0.134848 0.0193903
-0.411842 0.123894 0.0441406
-0.403842 0.115347 0.0674067
-0.39091 0.1085 0.0870152
-0.374842 0.101507 0.10193
-0.359055 0.0931292 0.110754
-0.344691 0.0849781 0.114616
-0.33218 0.0782734 0.11672
-0.322251 0.0724722 0.117289
-0.314438 0.071429 0.11368
-0.308972 0.0784783 0.105323
-0.307702 0.0901246 0.0943689
-0.311338 0.102662 0.0824582
-0.320915 0.118494 0.0715148
-0.335522 0.141552 0.0642961
-0.350297 0.169212 0.0627426
-0.361587 0.197952 0.0673901
-0.368727 0.228922 0.0755729
-0.372891 0.260433 0.084187
-0.377383 0.285272 0.0931067
-0.385451 0.303165 0.103034
-0.396995 0.322492 0.113722
-0.410103 0.34919 0.12495
-0.4238 0.382071 0.137779
-0.4393 0.415536 0.153106
-0.454202 0.446481 0.171102
-0.463407 0.477151 0.190834
-0.467793 0.508111 0.211072
-0.469424 0.536025 0.23213
-0.470232 0.559637 0.253672
-0.473851 0.579421 0.275271
-0.480465 0.594233 0.297621
-0.488087 0.601923 0.320158
-0.493395 0.604089 0.341299
-0.492041 0.606066 0.360834
-0.484761 0.607835 0.379587
-0.478169 0.608213 0.397064
-0.476207 0.612671 0.41209
-0.476733 0.620894 0.425079
-0.479111 0.626939 0.436974
-0.484715 0.632246 0.447974
-0.493866 0.640763 0.459199
-0.504489 0.652339 0.472082
-0.513403 0.664993 0.486299
-0.522347 0.677227 0.501651
-0.535414 0.686983 0.518896
-0.551425 0.69238 0.537203
-0.567044 0.696429 0.554341
-0.582237 0.702212 0.569828
-0.597188 0.706655 0.584603
-0.609923 0.706497 0.599411
-0.61867 0.701025 0.615793
-0.624667 0.690071 0.634867
-0.628176 0.67378 0.655799
-0.626613 0.652642 0.676838
-0.617812 0.631165 0.696246
-0.602178 0.61353 0.712346
-0.583141 0.600668 0.724596
-0.563818 0.592537 0.733707
-0.544418 0.586038 0.73958
-0.523515 0.576825 0.743002
-0.498937 0.560294 0.746776
-0.471536 0.536744 0.752489
-0.446039 0.512478 0.759096
-0.422969 0.488677 0.765159
-0.401268 0.461506 0.770232
-0.382886 0.431686 0.77419
-0.369258 0.403165 0.7773
-0.36057 0.37864 0.779938
-0.35655 0.358529 0.782493
-0.355943 0.341889 0.78491
-0.35791 0.329023 0.785835
-0.362574 0.321505 0.784217
-0.368988 0.321585 0.780466
-0.376709 0.329494 0.774257
-0.386352 0.338531 0.766585
-0.398721 0.342938 0.760052
-0.414394 0.343728 0.754972
-0.432222 0.340499 0.751908
-0.450408 0.33419 0.751816
-0.467683 0.326767 0.754135
-0.481606 0.316007 0.758531
-0.49 0.301765 0.764773
-0.494554 0.288225 0.77239
-0.498835 0.278769 0.780997
-0.504352 0.273478 0.789885
-0.510403 0.268862 0.798369
-0.516516 0.261854 0.806458
-0.522774 0.250621 0.81475
-0.528512 0.234716 0.822926
-0.532635 0.216368 0.830207
-0.534678 0.194057 0.836788
-0.535598 0.166744 0.843153
-0.535795 0.139243 0.849874
-0.535985 0.11506 0.856654
-0.53873 0.0936729 0.862189
-0.544424 0.0739515 0.865939
-0.551184 0.0559106 0.86803
-0.558548 0.0400681 0.868186
-0.566669 0.0279164 0.866571
-0.574551 0.0203253 0.86381
-0.580784 0.0128646 0.860285
-0.585787 0.00237039 0.858018
-0.59072 -0.0104992 0.858309
-0.59662 -0.0249819 0.860127
-0.604686 -0.0377438 0.863325
-0.613909 -0.0471871 0.867947
-0.624484 -0.0530553 0.874433
-0.638034 -0.0533796 0.883732
-0.652995 -0.0507112 0.89525
-0.66753 -0.0506674 0.907086
-0.682617 -0.0529977 0.917042
-0.699936 -0.0543464 0.924546
-0.718826 -0.0549558 0.930286
-0.737427 -0.0563442 0.934718
-0.757339 -0.0561932 0.939017
-0.77954 -0.0569764 0.944238
-0.801337 -0.0662475 0.949653
-0.820944 -0.0830432 0.95428
-0.83889 -0.106626 0.958283
-0.857731 -0.138003 0.961461
-0.87793 -0.167205 0.961787
-0.898015 -0.184985 0.957727
-0.91906 -0.192796 0.949622
-0.940994 -0.196654 0.93861
-0.961718 -0.202516 0.925676
-0.980361 -0.210292 0.910898
-0.996225 -0.217121 0.894465
-1.0094 -0.221429 0.875999
-1.02156 -0.221418 0.8557
-1.03232 -0.217015 0.835211
-1.03933 -0.209708 0.814689
-1.04445 -0.199004 0.793325
-1.05185 -0.18427 0.771698
-1.06141 -0.169109 0.750831
-1.07139 -0.156951 0.730669
-1.08154 -0.150486 0.711674
-1.0909 -0.149326 0.694145
-1.09714 -0.149044 0.678069
-1.09742 -0.148657 0.664762
-1.09021 -0.148565 0.654536
-1.0779 -0.149437 0.646098
-1.06398 -0.152868 0.637925
-1.04855 -0.158033 0.629052
-1.02974 -0.165106 0.618802
-1.00663 -0.174946 0.607286
-0.980104 -0.184325 0.596478
-0.952515 -0.188716 0.588716
-0.924869 -0.188588 0.585043
-0.895862 -0.18771 0.582557
-0.866182 -0.184474 0.576549
-0.838072 -0.176918 0.566834
-0.812449 -0.165886 0.554975
-0.789618 -0.151935 0.541603
-0.766116 -0.136193 0.527536
-0.73845 -0.12008 0.511982
-0.708626 -0.105851 0.494394
-0.679579 -0.0930886 0.475238
-0.653985 -0.0807782 0.454966
-0.632711 -0.0705896 0.434731
-0.612522 -0.0643752 0.416601
-0.592703 -0.0596704 0.401964
-0.576434 -0.0518717 0.390466
-0.56329 -0.0406348 0.38062
-0.549906 -0.0290217 0.370554
-0.536256 -0.0203895 0.359828
-0.523906 -0.0168659 0.34912
-0.512004 -0.0150631 0.339185
-0.498784 -0.00891886 0.330707
-0.483377 0.00385339 0.323382
-0.466182 0.0249187 0.316892
-0.447391 0.0522655 0.311917
-0.426539 0.0792421 0.30823
-0.404316 0.101713 0.304776
-0.38196 0.119593 0.300782
-0.361117 0.134583 0.295803
-0.342794 0.147143 0.290721
-0.325773 0.155565 0.287409
-0.309785 0.16018 0.285804
-0.295735 0.164796 0.283507
-0.285395 0.172655 0.278759
-0.280465 0.184012 0.271506
-0.277965 0.195379 0.262344
-0.2763 0.205509 0.252154
-0.276737 0.216862 0.24198
-0.277711 0.228483 0.232218
-0.276927 0.239828 0.222207
-0.275343 0.251828 0.210669
-0.277463 0.263207 0.198176
-0.283184 0.273101 0.186379
-0.288768 0.283482 0.174941
-0.293124 0.299101 0.164205
-0.294585 0.31962 0.1562
-0.292174 0.339174 0.152213
-0.288194 0.356831 0.152244
-0.285066 0.370991 0.154751
-0.282931 0.377752 0.158205
-0.280369 0.380251 0.163767
-0.274351 0.381601 0.173125
-0.262329 0.382399 0.18561
-0.247564 0.386043 0.20001
-0.235655 0.395242 0.215308
-0.228266 0.406487 0.230725
-0.225155 0.413199 0.246827
-0.224497 0.412788 0.264219
-0.222892 0.40677 0.284038
-0.216619 0.39497 0.309467
-0.206384 0.375279 0.340685
-0.199384 0.349223 0.373385
-0.196643 0.31785 0.406056
-0.192868 0.279278 0.4408
-0.189812 0.233659 0.476932
-0.190038 0.182128 0.514885
-0.188612 0.123811 0.558751
-0.186405 0.0605517 0.606492
-0.188295 -0.00380467 0.653785
-0.190444 -0.0702384 0.700516
-0.190176 -0.138392 0.745218
-0.188448 -0.20306 0.786401
-0.184594 -0.263694 0.825246
-0.179536 -0.320337 0.862573
-0.172835 -0.370037 0.898778
-0.163188 -0.415702 0.933302
-0.153357 -0.459263 0.965411
-0.147269 -0.498879 0.995488
-0.14589 -0.535932 1.0216
-0.145792 -0.572604 1.04248
-0.144545 -0.60832 1.05899
-0.145406 -0.641199 1.07076
-0.15032 -0.670175 1.0794
-0.159478 -0.695591 1.0877
-0.173946 -0.720024 1.09501
-0.192042 -0.74441 1.10067
-0.212693 -0.76728 1.10564
-0.237577 -0.788974 1.10899
-0.267213 -0.808915 1.11068
-0.29983 -0.825379 1.11409
-0.334799 -0.838781 1.12111
-0.373789 -0.849657 1.12979
-0.416728 -0.860025 1.13799
-0.462333 -0.873974 1.14601
-0.510731 -0.891528 1.15585
-0.560312 -0.910048 1.16888
-0.605384 -0.930274 1.18444
-0.642283 -0.954136 1.20086
-0.674917 -0.981389 1.21767
-0.706766 -1.00867 1.23478
-0.737936 -1.03267 1.25194
-0.769005 -1.05302 1.26962
-0.797321 -1.07197 1.28766
-0.8232 -1.0906 1.30498
-0.850531 -1.10678 1.32011
-0.879991 -1.11895 1.33204
-0.911961 -1.12621 1.34202
-0.946251 -1.13097 1.35116
-0.982632 -1.13601 1.35888
-1.01902 -1.14007 1.36475
-1.05227 -1.14221 1.36913
-1.08428 -1.14173 1.37303
-1.11731 -1.1396 1.37756
-1.15086 -1.13793 1.38273
-1.18553 -1.13443 1.38699
-1.22084 -1.12751 1.38966
-1.25384 -1.12181 1.39191
-1.28166 -1.1208 1.3947
-1.30215 -1.12375 1.39917
-1.31445 -1.12924 1.40536
-1.3191 -1.13755 1.41116
-1.32211 -1.14646 1.41497
-1.33066 -1.14828 1.41644
-1.34271 -1.14052 1.41701
-1.35354 -1.12597 1.41743
-1.36243 -1.10661 1.41663
-1.36853 -1.08525 1.41613
-1.371 -1.06359 1.41761
-1.37034 -1.04051 1.41996
-1.36889 -1.01774 1.42122
-1.36913 -0.999906 1.4207
-1.36976 -0.986574 1.41807
-1.36888 -0.973883 1.412
-1.36648 -0.959993 1.40251
-1.36333 -0.943204 1.39088
-1.36128 -0.924162 1.37853
-1.35979 -0.907111 1.36684
-1.35588 -0.894409 1.35621
-1.34986 -0.88378 1.34619
-1.34497 -0.86906 1.33514
-1.34309 -0.850116 1.3212
-1.34262 -0.832437 1.30432
-1.34077 -0.817317 1.28505
-1.33795 -0.801628 1.26349
-1.33565 -0.782707 1.2411
-1.33222 -0.762452 1.21978
-1.32675 -0.740055 1.19963
-1.32083 -0.714213 1.17941
-1.31508 -0.68936 1.15883
-1.30763 -0.665873 1.13946
-1.2957 -0.639014 1.1213
-1.28089 -0.6042 1.10123
-1.26647 -0.56179 1.07629
-1.24876 -0.520077 1.04683
-1.2239 -0.48227 1.01636
-1.19625 -0.443028 0.986337
-1.17047 -0.397719 0.95503
-1.1443 -0.343931 0.923266
-1.11558 -0.285187 0.89222
-1.08517 -0.2243 0.859389
-1.0516 -0.161172 0.825549
-1.01363 -0.100042 0.79408
-0.975827 -0.042241 0.761802
-0.941384 0.0148927 0.72546
-0.905772 0.0717728 0.689055
-0.869709 0.125565 0.655065
-0.836352 0.173966 0.623502
-0.80357 0.217515 0.593875
-0.771153 0.25601 0.563644
-0.737873 0.290569 0.534118
-0.704471 0.323196 0.505939
-0.674491 0.354472 0.477143
-0.645326 0.385041 0.449908
-0.6154 0.408698 0.425383
-0.588692 0.417779 0.401739
-0.563675 0.416452 0.379623
-0.538597 0.410089 0.359569
-0.518015 0.398634 0.339632
-0.502019 0.384078 0.319455
-0.487805 0.368169 0.300656
-0.473505 0.350699 0.285745
-0.45735 0.329144 0.277157
-0.442131 0.29955 0.273808
-0.430597 0.264457 0.272654
-0.421557 0.233851 0.274105
-0.413057 0.213696 0.278586
-0.406692 0.202146 0.283189
-0.405052 0.195853 0.287581
-0.404937 0.19045 0.293251
-0.405013 0.183558 0.299148
-0.407678 0.177055 0.303342
-0.412586 0.170777 0.30506
-0.418019 0.160666 0.305331
-0.422634 0.147468 0.306212
-0.426494 0.13799 0.308966
-0.427868 0.133499 0.313301
-0.42411 0.129544 0.319388
-0.418039 0.127151 0.326864
-0.415925 0.130211 0.333408
-0.41721 0.132925 0.33834
-0.41757 0.128646 0.34152
-0.417263 0.118213 0.341983
-0.417248 0.102665 0.339478
-0.418785 0.0882169 0.333618
-0.422329 0.0805307 0.323839
-0.427562 0.077382 0.309197
-0.435296 0.0763966 0.290501
-0.44481 0.0770044 0.270947
-0.456016 0.0812783 0.251565
-0.469661 0.0901794 0.232595
-0.484416 0.1023 0.215145
-0.497202 0.116522 0.198866
-0.505597 0.130627 0.183028
-0.512656 0.143577 0.166258
-0.521317 0.155199 0.148587
-0.527028 0.164914 0.133186
-0.527569 0.172012 0.121488
-0.528956 0.174524 0.112297
-0.532741 0.175775 0.104978
-0.532276 0.180269 0.0995822
-0.526671 0.184082 0.0956311
-0.522853 0.184493 0.0927858
-0.52144 0.184161 0.0927301
-0.517205 0.183302 0.0977452
-0.51284 0.179019 0.106655
-0.511157 0.173301 0.118317
-0.507929 0.172256 0.13335
-0.505605 0.176371 0.147195
-0.506965 0.18282 0.156718
-0.506945 0.18815 0.16564
-0.503696 0.187892 0.174954
-0.497214 0.183154 0.183584
-0.489239 0.176315 0.190927
-0.48163 0.166496 0.195378
-0.47477 0.155875 0.195299
-0.472169 0.149416 0.190041
-0.474808 0.149792 0.181922
-0.483502 0.153471 0.172711
-0.497047 0.15789 0.162976
-0.511543 0.166484 0.154384
-0.526562 0.180033 0.149362
-0.541125 0.197246 0.149792
-0.556899 0.217221 0.154523
-0.578105 0.2378 0.161098
-0.602052 0.255198 0.168624
-0.621273 0.265328 0.178558
-0.633803 0.266348 0.192581
-0.642727 0.260263 0.211206
-0.649863 0.253124 0.232874
-0.658529 0.246685 0.253451
-0.670319 0.239846 0.271644
-0.682279 0.233167 0.28854
-0.694138 0.225325 0.302517
-0.70853 0.216846 0.31254
-0.726479 0.207693 0.320272
-0.747095 0.195226 0.325186
-0.770671 0.181063 0.326038
-0.796283 0.168358 0.323734
-0.824212 0.155169 0.318071
-0.855705 0.139678 0.310578
-0.885578 0.12533 0.305781
-0.910546 0.115635 0.304784
-0.933795 0.110644 0.304872
-0.95414 0.107323 0.305997
-0.968904 0.104155 0.310842
-0.982221 0.102478 0.319614
-0.996251 0.100316 0.331852
-1.01227 0.0958934 0.346425
-1.03315 0.0925521 0.359915
-1.05497 0.0918725 0.372371
-1.07418 0.0930514 0.385998
-1.09264 0.0949 0.401032
-1.11183 0.0944795 0.418284
-1.13233 0.0926344 0.437319
-1.15428 0.0908837 0.455463
-1.17609 0.0864137 0.472388
-1.19314 0.0808077 0.490104
-1.20261 0.0799413 0.508353
-1.20659 0.0854302 0.525887
-1.20516 0.0946442 0.542551
-1.19615 0.104364 0.557643
-1.18135 0.113868 0.570768
-1.16395 0.123869 0.582
-1.14433 0.133996 0.592071
-1.12035 0.141847 0.602253
-1.09222 0.147424 0.613098
-1.0623 0.153734 0.624664
-1.03004 0.161274 0.637066
-0.996647 0.168724 0.649537
-0.964814 0.173345 0.661236
-0.935522 0.174809 0.671526
-0.910462 0.175536 0.67922
-0.891132 0.17493 0.684659
-0.876034 0.171427 0.688849
-0.862775 0.165452 0.692125
-0.850216 0.158545 0.695244
-0.83541 0.149951 0.699606
-0.81671 0.138528 0.705863
-0.797117 0.125422 0.713994
-0.779037 0.110638 0.725397
-0.763777 0.0946039 0.740461
-0.752535 0.0753916 0.757237
-0.743115 0.0489656 0.774977
-0.733502 0.018776 0.793372
-0.723965 -0.0093909 0.811865
-0.715641 -0.0337354 0.83067
-0.710446 -0.0544898 0.849259
-0.707348 -0.0733781 0.865602
-0.704075 -0.0901501 0.878654
-0.701619 -0.106213 0.889956
-0.699012 -0.124272 0.900726
-0.693935 -0.142088 0.911368
-0.688752 -0.153893 0.921455
-0.6837 -0.156966 0.9288
-0.676888 -0.155267 0.931646
-0.669723 -0.153171 0.929636
-0.662329 -0.154038 0.923906
-0.654358 -0.158499 0.916477
-0.645387 -0.16439 0.908996
-0.631535 -0.173061 0.902044
-0.612457 -0.185317 0.894254
-0.592711 -0.197009 0.883659
-0.572459 -0.2046 0.870403
-0.547591 -0.208959 0.857489
-0.517046 -0.212717 0.847243
-0.486924 -0.215794 0.837465
-0.464366 -0.215666 0.825785
-0.448729 -0.211938 0.813265
-0.436448 -0.207647 0.799142
-0.427766 -0.205529 0.78105
-0.423506 -0.202246 0.759586
-0.421646 -0.193685 0.736183
-0.421013 -0.18227 0.710741
-0.42283 -0.16987 0.682805
-0.42496 -0.157102 0.653897
-0.424439 -0.145845 0.623718
-0.421983 -0.13369 0.588797
-0.418034 -0.118348 0.551308
-0.413079 -0.101767 0.515823
-0.408933 -0.0846758 0.481114
-0.404246 -0.0670925 0.446047
-0.395362 -0.0503478 0.41324
-0.384738 -0.0315989 0.382741
-0.378692 -0.00799325 0.352149
-0.376069 0.0180872 0.322172
-0.372434 0.0465068 0.295983
-0.367244 0.0765751 0.272459
-0.360385 0.107739 0.247112
-0.351957 0.142856 0.221772
-0.340955 0.181188 0.200154
-0.327221 0.218356 0.180828
-0.313396 0.251075 0.162084
-0.300378 0.280042 0.145032
-0.288393 0.305858 0.131336
-0.277608 0.330025 0.121966
-0.265759 0.35411 0.117726
-0.251002 0.374931 0.117985
-0.234943 0.389564 0.120218
-0.219163 0.397892 0.122536
-0.202507 0.400899 0.125223
-0.183901 0.398832 0.128073
-0.163994 0.39168 0.130157
-0.144806 0.38526 0.132172
-0.129142 0.38422 0.134434
-0.117258 0.379181 0.137032
-0.107805 0.364561 0.140442
-0.0992856 0.34532 0.144211
-0.087595 0.323075 0.149764
-0.071459 0.296959 0.159541
-0.0547057 0.262742 0.172389
-0.0393826 0.213652 0.185186
-0.0237086 0.151342 0.197725
-0.00630609 0.0970046 0.21172
0.0093114 0.0716115 0.228214
0.0190415 0.0606785 0.246756
0.0231539 0.0371923 0.264069
0.0257791 0.00688848 0.276206
0.0328767 -0.00812694 0.283318
0.0429407 -0.00694717 0.288301
0.0468612 -0.0100174 0.289851
0.043612 -0.0309393 0.285172
0.0437627 -0.0559832 0.277394
0.0512551 -0.0572612 0.271895
0.0563844 -0.0299043 0.269394
0.0528537 -0.00379216 0.267105
0.0440789 -0.000463328 0.264823
0.0377242 -0.001471 0.266757
0.0405046 0.0125679 0.275533
0.0509672 0.0180694 0.287501
0.062613 -0.0116759 0.297314
0.0734227 -0.0593155 0.304733
0.086588 -0.0939706 0.312885
0.102922 -0.109833 0.322261
0.117793 -0.122388 0.330257
0.127775 -0.140746 0.335575
0.134805 -0.158687 0.339511
0.141892 -0.171723 0.342885
0.150082 -0.179002 0.345237
0.158806 -0.18358 0.346068
0.167672 -0.194686 0.345802
0.176296 -0.211583 0.345597
0.183694 -0.223157 0.34524
0.191254 -0.228057 0.343459
0.198993 -0.235507 0.339457
0.202969 -0.248184 0.332871
0.204905 -0.261347 0.325346
0.210575 -0.274077 0.319496
0.219589 -0.29055 0.316647
0.228637 -0.313242 0.317088
0.236436 -0.340109 0.320756
0.243128 -0.369322 0.326949
0.249946 -0.398633 0.335525
0.257933 -0.423968 0.348408
0.266037 -0.443031 0.366773
0.273195 -0.454556 0.390829
0.280272 -0.459468 0.420299
0.285388 -0.459638 0.45247
0.284157 -0.455161 0.483383
0.277164 -0.449721 0.510191
0.268733 -0.447667 0.532767
0.261128 -0.446855 0.552535
0.254813 -0.444518 0.57025
0.250506 -0.442019 0.586611
0.246081 -0.439713 0.601624
0.238916 -0.436987 0.614386
0.22937 -0.433782 0.624923
0.217297 -0.428057 0.633348
0.204923 -0.419959 0.639608
0.195502 -0.412646 0.644623
0.188207 -0.406197 0.649192
0.180084 -0.397814 0.653127
0.168851 -0.38701 0.655402
0.155341 -0.376064 0.654722
0.142196 -0.367098 0.652053
0.12854 -0.362518 0.650207
0.112636 -0.360106 0.650398
0.0958392 -0.354021 0.652055
0.0784092 -0.345685 0.653742
0.0597215 -0.339731 0.655209
0.0415395 -0.337039 0.657149
0.025233 -0.336555 0.660345
0.00983255 -0.336295 0.666407
-0.00577576 -0.337985 0.675867
-0.020326 -0.344066 0.688219
-0.0316179 -0.352913 0.703505
-0.0415339 -0.364406 0.721408
-0.0560774 -0.377303 0.739959
-0.0783456 -0.390227 0.757582
-0.102684 -0.404122 0.774327
-0.123359 -0.417305 0.790802
-0.145426 -0.429543 0.807406
-0.174888 -0.44159 0.82405
-0.210771 -0.449567 0.841233
-0.249686 -0.453541 0.859012
-0.287361 -0.460017 0.877084
-0.322072 -0.469835 0.895185
-0.356138 -0.477806 0.911868
-0.39188 -0.483046 0.926839
-0.427676 -0.488738 0.940486
-0.459411 -0.492748 0.951656
-0.485855 -0.490606 0.960549
-0.508429 -0.485683 0.969364
-0.529395 -0.481523 0.978659
-0.551544 -0.474365 0.987411
-0.573728 -0.463868 0.995505
-0.594662 -0.453065 1.00396
-0.61659 -0.443149 1.0133
-0.638013 -0.438147 1.02297
-0.657049 -0.440171 1.03269
-0.673597 -0.447352 1.04348
-0.684821 -0.459235 1.05697
-0.690286 -0.474249 1.07337
-0.693907 -0.490097 1.09112
-0.6998 -0.504216 1.10959
-0.709352 -0.513933 1.12912
-0.720433 -0.519758 1.14924
-0.731211 -0.525588 1.17074
-0.743536 -0.534515 1.19466
-0.759168 -0.543431 1.21983
-0.775479 -0.550842 1.24492
-0.789337 -0.560049 1.26968
-0.799996 -0.571921 1.29352
-0.809738 -0.584295 1.3145
-0.821997 -0.594888 1.33168
-0.835983 -0.603485 1.34643
-0.848194 -0.610603 1.36032
-0.856876 -0.615898 1.3736
-0.861249 -0.619324 1.38622
-0.861968 -0.621972 1.39834
-0.861439 -0.622883 1.40929
-0.859155 -0.620371 1.4187
-0.851773 -0.616651 1.42787
-0.83929 -0.614475 1.43839
-0.825926 -0.611409 1.44954
-0.814608 -0.605048 1.45935
-0.804876 -0.597316 1.46686
-0.796139 -0.589982 1.47236
-0.790196 -0.583603 1.47815
-0.787787 -0.579421 1.48614
-0.786507 -0.578561 1.49585
-0.784256 -0.578427 1.50561
-0.780395 -0.575775 1.51438
-0.77514 -0.570653 1.52235
-0.771058 -0.56218 1.52931
-0.769876 -0.550805 1.53456
-0.768661 -0.54083 1.53859
-0.766518 -0.533761 1.54198
-0.764373 -0.529004 1.54487
-0.76061 -0.529388 1.54785
-0.755978 -0.536759 1.5516
-0.750182 -0.547296 1.5567
-0.740381 -0.558207 1.56235
-0.727903 -0.570643 1.5664
-0.714741 -0.583107 1.56834
-0.701116 -0.590269 1.56988
-0.687169 -0.593244 1.57265
-0.672815 -0.596042 1.57785
-0.659602 -0.594496 1.58578
-0.64817 -0.585838 1.59342
-0.636663 -0.574295 1.5968
-0.625644 -0.561773 1.59492
-0.615435 -0.548831 1.58929
-0.604361 -0.538675 1.58175
-0.594503 -0.529835 1.5718
-0.588016 -0.516975 1.55902
-0.585179 -0.49674 1.54481
-0.5863 -0.470424 1.52857
-0.589791 -0.443338 1.50854
-0.593111 -0.41982 1.48474
-0.593464 -0.403088 1.459
-0.590873 -0.395127 1.43265
-0.591364 -0.39578 1.40414
-0.600062 -0.401157 1.37188
-0.616574 -0.405667 1.33681
-0.637614 -0.407559 1.3005
-0.658157 -0.408684 1.26305
-0.676222 -0.412063 1.22362
-0.692635 -0.417904 1.18175
-0.703825 -0.424722 1.13857
-0.706949 -0.43307 1.09549
-0.705722 -0.441821 1.05165
-0.705118 -0.448767 1.00527
-0.708196 -0.45388 0.956764
-0.712792 -0.455114 0.909185
-0.715484 -0.450038 0.864389
-0.717015 -0.43859 0.820677
-0.716109 -0.421806 0.777008
-0.708683 -0.403337 0.735321
-0.697083 -0.38603 0.696805
-0.689448 -0.368224 0.660819
-0.685573 -0.350726 0.626977
-0.679796 -0.336776 0.595889
-0.667349 -0.323894 0.568341
-0.647561 -0.309043 0.543982
-0.627918 -0.291099 0.522581
-0.610449 -0.270354 0.504588
-0.591997 -0.248589 0.489015
-0.572074 -0.226423 0.475086
-0.550321 -0.205711 0.461728
-0.526543 -0.18649 0.447011
-0.49941 -0.166762 0.431434
-0.468691 -0.148229 0.416049
-0.434972 -0.132142 0.401015
-0.396755 -0.116445 0.386327
-0.354663 -0.100368 0.371733
-0.312677 -0.0844664 0.356171
-0.274353 -0.0708498 0.338403
-0.239008 -0.0615003 0.319507
-0.202091 -0.0530812 0.301332
-0.162358 -0.0436605 0.283961
-0.123314 -0.0359881 0.267828
-0.086848 -0.0295763 0.25455
-0.0513574 -0.0225482 0.243939
-0.0169804 -0.0124062 0.233244
0.0128647 0.00183011 0.2202
0.0370237 0.0156834 0.205079
0.0560658 0.0290198 0.189359
0.071208 0.0444509 0.174911
0.0845199 0.0624456 0.163326
0.0959648 0.084648 0.154936
0.106167 0.109154 0.148143
0.117693 0.133202 0.140838
0.130228 0.156896 0.133523
0.140711 0.178683 0.127993
0.14783 0.19681 0.125183
0.150549 0.212739 0.124816
0.147143 0.227247 0.125351
0.140597 0.23897 0.125563
0.13465 0.248449 0.125078
0.128977 0.256958 0.124083
0.124669 0.263858 0.123301
0.121708 0.268755 0.122259
0.117217 0.274218 0.120076
0.108813 0.282541 0.117572
0.0984331 0.291459 0.116473
0.0918288 0.298162 0.117945
0.0858187 0.305093 0.121067
0.0757757 0.313808 0.125375
0.0677353 0.318938 0.133118
0.0642762 0.318668 0.145966
0.0591545 0.31467 0.161758
0.0466468 0.306051 0.176353
0.027385 0.295327 0.188797
0.00506603 0.284657 0.200135
-0.0203148 0.272645 0.210275
-0.0477362 0.258895 0.220498
-0.0714915 0.243829 0.232934
-0.0898804 0.226913 0.245734
-0.10788 0.209249 0.257046
-0.127362 0.193491 0.27001
-0.148969 0.181052 0.286146
-0.174853 0.17199 0.304216
-0.19948 0.163834 0.326329
-0.220084 0.154894 0.352339
-0.241123 0.144281 0.37706
-0.260815 0.12963 0.401192
-0.276866 0.110262 0.428459
-0.293025 0.0879248 0.457009
-0.310545 0.0659076 0.485529
-0.327886 0.0438497 0.514712
-0.348531 0.0235867 0.544385
-0.375844 0.0117928 0.575595
-0.40938 0.00497475 0.609258
-0.447112 -0.0038239 0.645656
-0.484451 -0.0163998 0.686028
-0.522029 -0.0351312 0.730318
-0.563837 -0.0583112 0.776484
-0.607747 -0.0833313 0.824602
-0.65145 -0.114044 0.875463
-0.696866 -0.152024 0.926743
-0.743034 -0.194504 0.978821
-0.787498 -0.243654 1.03357
-0.831693 -0.302161 1.08958
-0.877552 -0.365175 1.14499
-0.925269 -0.427581 1.19961
-0.973254 -0.488889 1.25632
-1.02012 -0.549427 1.31599
-1.06518 -0.608724 1.37606
-1.10781 -0.664917 1.43467
-1.14848 -0.717192 1.49103
-1.1894 -0.767089 1.54535
-1.23093 -0.815762 1.59832
-1.27121 -0.864022 1.65019
-1.31117 -0.910635 1.70066
-1.34905 -0.954588 1.75086
-1.38209 -0.99753 1.80168
-1.41463 -1.03975 1.85024
-1.4507 -1.07881 1.89398
-1.48831 -1.11241 1.93328
-1.5245 -1.1429 1.96864
-1.5587 -1.17343 2.00124
-1.59157 -1.20337 2.03292
-1.62058 -1.23227 2.06437
-1.64368 -1.2626 2.09403
-1.6636 -1.29576 2.11936
-1.68194 -1.3304 2.13937
-1.69865 -1.36408 2.15408
-1.71294 -1.39565 2.16464
-1.7246 -1.42532 2.1717
-1.73394 -1.45261 2.17409
-1.73873 -1.47713 2.17237
-1.73713 -1.49938 2.169
-1.72898 -1.5206 2.1654
-1.71473 -1.54192 2.1615
-1.69602 -1.56294 2.15687
-1.67771 -1.58356 2.15067
-1.66486 -1.60293 2.14035
-1.65632 -1.61655 2.12502
-1.64876 -1.62347 2.10681
-1.64225 -1.62585 2.08562
-1.63788 -1.62295 2.05993
-1.63573 -1.61586 2.02985
-1.63453 -1.6076 1.99523
-1.63563 -1.59605 1.95452
-1.64183 -1.57838 1.90713
-1.64671 -1.55661 1.85605
-1.64357 -1.53195 1.80373
-1.63796 -1.50412 1.74869
-1.63294 -1.47462 1.69237
-1.6228 -1.44631 1.63888
-1.60726 -1.42119 1.58731
-1.59139 -1.39779 1.53472
-1.57445 -1.37434 1.48231
-1.55334 -1.35281 1.43217
-1.53066 -1.3327 1.38263
-1.50642 -1.31131 1.33393
-1.47436 -1.28889 1.29025
-1.43476 -1.2654 1.25059
-1.39398 -1.24017 1.21051
-1.35278 -1.21387 1.17099
-1.30616 -1.18588 1.13458
-1.25465 -1.15323 1.09952
-1.20457 -1.11767 1.06386
-1.15697 -1.08547 1.03031
-1.10882 -1.05676 1.00187
-1.0605 -1.02466 0.975946
-1.01487 -0.987845 0.947615
-0.972852 -0.953267 0.9168
-0.931786 -0.922782 0.887532
-0.888887 -0.893039 0.862552
-0.845651 -0.860999 0.84057
-0.804012 -0.82632 0.818931
-0.765692 -0.78997 0.797959
-0.733681 -0.750728 0.778303
-0.706513 -0.709773 0.758265
-0.68016 -0.66885 0.736764
-0.654273 -0.628848 0.715734
-0.630622 -0.589984 0.6972
-0.611352 -0.550762 0.679821
-0.597749 -0.511737 0.66107
-0.587947 -0.472267 0.639879
-0.579193 -0.429801 0.616751
-0.570294 -0.384148 0.593375
-0.561246 -0.335348 0.571707
-0.550936 -0.283987 0.552668
-0.538381 -0.232596 0.535225
-0.525022 -0.183239 0.517877
-0.511476 -0.138478 0.500817
-0.498942 -0.102011 0.484356
-0.488893 -0.0742771 0.469264
-0.479457 -0.0532534 0.458044
-0.467542 -0.0377348 0.451422
-0.452635 -0.022684 0.447363
-0.438091 -0.00317594 0.443292
-0.428313 0.0186122 0.437144
-0.424266 0.0404705 0.42869
-0.423103 0.0639512 0.419691
-0.423279 0.0871744 0.412222
-0.424926 0.10624 0.40729
-0.427558 0.121414 0.404432
-0.430419 0.133114 0.403564
-0.433019 0.142231 0.403957
-0.436044 0.146667 0.402447
-0.439164 0.1414 0.397168
-0.44115 0.1312 0.389068
-0.440983 0.12403 0.379295
-0.438273 0.121911 0.36843
-0.434989 0.122982 0.356922
-0.432934 0.125668 0.344759
-0.431811 0.131329 0.331466
-0.430745 0.13836 0.316589
-0.429832 0.146414 0.299868
-0.428487 0.156625 0.281523
-0.426845 0.167645 0.263402
-0.426648 0.180563 0.248381
-0.428967 0.195194 0.238383
-0.432673 0.207178 0.23334
-0.434315 0.217245 0.231699
-0.433378 0.231596 0.23172
-0.430062 0.250358 0.232528
-0.423109 0.269433 0.234654
-0.414236 0.288839 0.2388
-0.403785 0.307833 0.246016
-0.38864 0.321496 0.258067
-0.36646 0.328474 0.275579
-0.339482 0.332048 0.297486
-0.312001 0.337858 0.321389
-0.284266 0.349317 0.344365
-0.254252 0.36349 0.364752
-0.221113 0.375609 0.383133
-0.186304 0.384417 0.40043
-0.152821 0.391021 0.417001
-0.12419 0.395402 0.433091
-0.100791 0.398162 0.44887
-0.0808487 0.401838 0.464187
-0.0656177 0.40809 0.477711
-0.0541548 0.412924 0.491904
-0.0418557 0.409917 0.512083
-0.029485 0.398553 0.536464
-0.0194837 0.384636 0.562304
-0.0114136 0.37187 0.592071
-0.00854907 0.360833 0.623268
-0.0107454 0.350977 0.652358
-0.0145228 0.337697 0.68108
-0.0216718 0.321403 0.709306
-0.0345222 0.306712 0.736192
-0.0549549 0.291473 0.763376
-0.0816631 0.272808 0.792048
-0.1109 0.250781 0.820471
-0.139801 0.223784 0.848883
-0.167833 0.192912 0.879101
-0.196986 0.160531 0.909652
-0.226749 0.126944 0.94072
-0.25518 0.0936998 0.975309
-0.284244 0.0604222 1.01333
-0.317569 0.0237615 1.05208
-0.353147 -0.0190436 1.09175
-0.390956 -0.065811 1.13217
-0.433088 -0.113873 1.17186
-0.478591 -0.16319 1.21156
-0.526646 -0.212774 1.25222
-0.576287 -0.263751 1.29237
-0.628604 -0.318359 1.33218
-0.686967 -0.375328 1.37247
-0.753062 -0.429505 1.41025
-0.824215 -0.478638 1.44521
-0.896427 -0.52734 1.48097
-0.968991 -0.578291 1.51934
-1.04256 -0.628072 1.55872
-1.11645 -0.675843 1.59794
-1.18897 -0.72335 1.63846
-1.25786 -0.769516 1.68025
-1.32413 -0.817072 1.72152
-1.3894 -0.870638 1.76346
-1.45426 -0.927713 1.80836
-1.52064 -0.982371 1.85451
-1.58786 -1.03269 1.89854
-1.65295 -1.07838 1.94009
-1.71343 -1.11918 1.98044
-1.76763 -1.15823 2.0198
-1.81712 -1.19519 2.05779
-1.86485 -1.22613 2.09423
-1.90938 -1.25282 2.12847
-1.94643 -1.27873 2.1599
-1.97327 -1.30417 2.18894
-1.98958 -1.32922 2.21491
-1.99629 -1.35422 2.23761
-1.99407 -1.37905 2.25887
-1.98379 -1.40215 2.27846
-1.96759 -1.42165 2.29366
-1.94915 -1.43797 2.30297
-1.93011 -1.45061 2.30733
-1.91001 -1.4583 2.30756
-1.88793 -1.46059 2.30422
-1.86046 -1.45482 2.29958
-1.8262 -1.43747 2.29461
-1.78685 -1.40868 2.28889
-1.74592 -1.37353 2.28247
-1.70785 -1.33746 2.27367
-1.67189 -1.30247 2.26126
-1.63655 -1.26991 2.24628
-1.60256 -1.24056 2.22898
-1.56982 -1.21274 2.20714
-1.53937 -1.18684 2.17807
-1.51173 -1.16491 2.14087
-1.48709 -1.14508 2.09588
-1.46673 -1.1235 2.04312
-1.44958 -1.09747 1.98436
-1.43279 -1.0666 1.92471
-1.41631 -1.03326 1.86669
-1.40086 -1.00067 1.80832
-1.38273 -0.968314 1.7501
-1.35927 -0.934511 1.69311
-1.33551 -0.90001 1.63386
-1.31549 -0.863657 1.57185
-1.29777 -0.823063 1.50941
-1.28201 -0.776017 1.44564
-1.26407 -0.72382 1.38083
-1.23978 -0.670677 1.31478
-1.21175 -0.617217 1.24676
-1.18073 -0.561443 1.17989
-1.14708 -0.501709 1.11446
-1.1127 -0.438237 1.04876
-1.07666 -0.372554 0.985541
-1.03962 -0.308039 0.926559
-1.00457 -0.246149 0.87133
-0.971309 -0.18391 0.820617
-0.941 -0.120008 0.772652
-0.913739 -0.055009 0.725714
-0.885057 0.0103861 0.681052
-0.85592 0.0734835 0.639264
-0.828622 0.133423 0.600453
-0.801694 0.19166 0.565617
-0.776302 0.247652 0.535139
-0.753998 0.301762 0.507667
-0.732107 0.354421 0.483521
-0.710276 0.405072 0.463797
-0.68998 0.456093 0.446797
-0.67081 0.507029 0.431264
-0.654367 0.555866 0.417754
-0.638922 0.600903 0.406718
-0.618724 0.633988 0.398672
-0.591809 0.650479 0.394534
-0.562301 0.654676 0.394048
-0.537296 0.649952 0.393614
-0.518333 0.637233 0.390188
-0.502067 0.617439 0.384349
-0.488392 0.58998 0.377534
-0.478067 0.554682 0.371663
-0.469297 0.514109 0.367084
-0.46208 0.470417 0.361617
-0.458071 0.425037 0.354184
-0.455123 0.378669 0.344221
-0.451046 0.331871 0.331219
-0.44608 0.287548 0.31677
-0.44104 0.246423 0.30239
-0.438621 0.209341 0.288605
-0.438322 0.178179 0.276329
-0.438378 0.149788 0.267192
-0.441145 0.121845 0.262866
-0.447202 0.0972428 0.262322
-0.455168 0.0787675 0.262769
-0.463899 0.0660625 0.263167
-0.471381 0.0578605 0.264382
-0.475135 0.0543883 0.267434
-0.472684 0.0572463 0.272464
-0.462872 0.068395 0.278252
-0.445623 0.0859853 0.282784
-0.422406 0.10562 0.284546
-0.39579 0.126867 0.282435
-0.368798 0.150758 0.276022
-0.343897 0.179125 0.26649
-0.32063 0.210997 0.256139
-0.298638 0.240553 0.246224
-0.280228 0.263973 0.236534
-0.264471 0.28023 0.22776
-0.247032 0.29185 0.221437
-0.228773 0.300471 0.217535
-0.214295 0.304658 0.215517
-0.204421 0.306163 0.216886
-0.1966 0.305263 0.222373
-0.191433 0.297883 0.229965
-0.191164 0.2855 0.238992
-0.193865 0.273401 0.249882
-0.199316 0.261247 0.261418
-0.209124 0.247868 0.272374
-0.222888 0.236385 0.284546
-0.240453 0.225048 0.300503
-0.259237 0.20861 0.321214
-0.278035 0.187365 0.346796
-0.301315 0.162241 0.374892
-0.328455 0.134585 0.40561
-0.353715 0.103579 0.440527
-0.377994 0.0670001 0.478106
-0.404329 0.028387 0.517498
-0.434817 -0.0109406 0.557662
-0.470616 -0.0522448 0.597989
-0.507371 -0.0953035 0.640268
-0.542051 -0.141375 0.685478
-0.575506 -0.189351 0.731375
-0.609888 -0.237041 0.776981
-0.649667 -0.284917 0.823354
-0.694806 -0.333301 0.870943
-0.741513 -0.383058 0.92173
-0.78956 -0.436446 0.977152
-0.839587 -0.494148 1.03697
-0.890982 -0.556363 1.10083
-0.944249 -0.6223 1.16852
-1.00077 -0.688115 1.23927
-1.05849 -0.75279 1.31122
-1.1142 -0.818319 1.38242
-1.16853 -0.88422 1.45181
-1.22117 -0.950035 1.52026
-1.27055 -1.01883 1.58971
-1.3193 -1.0914 1.65978
-1.36817 -1.16435 1.73051
-1.41427 -1.23608 1.80303
-1.45895 -1.30694 1.87423
-1.50262 -1.37758 1.94167
-1.54215 -1.44818 2.00715
-1.57813 -1.51749 2.07076
-1.61273 -1.58442 2.13149
-1.64435 -1.64904 2.18939
-1.67272 -1.71146 2.24279
-1.70213 -1.76872 2.28951
-1.73208 -1.81787 2.33092
-1.75923 -1.86302 2.37039
-1.78378 -1.90676 2.40802
-1.80616 -1.94654 2.44129
-1.82591 -1.98148 2.46937
-1.8416 -2.00909 2.49347
-1.85266 -2.02978 2.51454
-1.85918 -2.04585 2.53234
-1.85909 -2.05746 2.54591
-1.85049 -2.06469 2.55495
-1.83661 -2.06403 2.55924
-1.82407 -2.05602 2.55595
-1.8145 -2.04369 2.54277
-1.80428 -2.02698 2.52089
-1.79363 -2.00924 2.4892
-1.78435 -1.9898 2.44555
-1.77446 -1.96478 2.39272
-1.76475 -1.93579 2.33181
-1.75607 -1.90205 2.2616
-1.74587 -1.86171 2.18511
-1.73533 -1.81382 2.10563
-1.72501 -1.75772 2.02341
-1.71087 -1.69487 1.93905
-1.69333 -1.62492 1.85303
-1.67629 -1.54868 1.76408
-1.65638 -1.46996 1.67423
-1.62951 -1.3911 1.58592
-1.59918 -1.30981 1.49722
-1.56612 -1.22464 1.40826
-1.52607 -1.14097 1.32283
-1.47883 -1.0638 1.24213
-1.42875 -0.988291 1.16498
-1.37651 -0.909289 1.09238
-1.32028 -0.827985 1.02424
-1.26032 -0.742789 0.959394
-1.19371 -0.653906 0.900883
-1.12175 -0.566833 0.849398
-1.05331 -0.483506 0.800914
-0.989822 -0.399865 0.755761
-0.927282 -0.315809 0.71458
-0.863831 -0.236602 0.676347
-0.798341 -0.165775 0.641296
-0.733667 -0.102815 0.607981
-0.669818 -0.0452132 0.57727
-0.604422 0.00528968 0.551989
-0.54153 0.0476341 0.530801
-0.481431 0.0841611 0.510457
-0.421121 0.11316 0.489828
-0.361565 0.131887 0.469415
-0.300852 0.142633 0.450934
-0.238062 0.147433 0.435455
-0.178408 0.14762 0.422161
-0.125279 0.146712 0.409841
-0.0812435 0.147779 0.396418
-0.0499551 0.153179 0.382271
-0.0300826 0.164119 0.371507
-0.0180718 0.180787 0.364772
-0.0103117 0.200405 0.360041
-0.00320872 0.218015 0.356698
0.0019283 0.233159 0.352402
0.00252837 0.249255 0.344718
-0.000814151 0.26847 0.333409
-0.00687311 0.288865 0.317518
-0.0141944 0.305693 0.297323
-0.0215748 0.319892 0.275237
-0.0282885 0.336821 0.254271
-0.0326701 0.353986 0.23851
-0.0335058 0.362737 0.229913
-0.0315325 0.360974 0.227758
-0.0277213 0.356554 0.229941
-0.0245247 0.357211 0.233593
-0.0240405 0.362283 0.238214
-0.0230198 0.366511 0.244678
-0.0174553 0.365633 0.252345
-0.00745514 0.359553 0.260341
0.00412783 0.351092 0.267566
0.0156815 0.341494 0.271915
0.027375 0.332706 0.273169
0.035829 0.327055 0.272746
0.0371389 0.322409 0.271875
0.0307297 0.317731 0.271839
0.0146168 0.314802 0.272357
-0.0126653 0.314022 0.271537
-0.0495642 0.312984 0.268814
-0.0953304 0.309856 0.264823
-0.150517 0.306764 0.259122
-0.2144 0.302922 0.252191
-0.283191 0.298257 0.246859
-0.354647 0.294986 0.243973
-0.430087 0.288425 0.24124
-0.505921 0.274054 0.238165
-0.577931 0.256058 0.236895
-0.648522 0.238993 0.237713
-0.717139 0.219974 0.241183
-0.783404 0.197416 0.249415
-0.85372 0.173655 0.261328
-0.926579 0.14698 0.277748
-0.997658 0.116504 0.300648
-1.06971 0.0841152 0.328586
-1.1393 0.0488636 0.361903
-1.2026 0.00732315 0.40027
-1.26132 -0.0436478 0.442957
-1.31349 -0.104337 0.491052
-1.35708 -0.172679 0.543707
-1.39475 -0.246543 0.599276
-1.42685 -0.323354 0.656816
-1.45131 -0.400123 0.715209
-1.46876 -0.473514 0.775179
-1.47899 -0.54533 0.838628
-1.48148 -0.621732 0.905431
-1.47787 -0.70161 0.9768
-1.47295 -0.779969 1.05269
-1.47188 -0.854469 1.13062
-1.47488 -0.926104 1.20954
-1.48081 -0.99731 1.28834
-1.48992 -1.06901 1.36642
-1.50098 -1.14105 1.44323
-1.51143 -1.21191 1.51991
-1.52006 -1.28133 1.59684
-1.52878 -1.35308 1.6708
-1.54244 -1.42864 1.74052
-1.56451 -1.50558 1.80593
-1.59528 -1.58178 1.86631
-1.63179 -1.65565 1.92203
-1.67015 -1.72813 1.97385
-1.7114 -1.79801 2.0217
-1.75634 -1.86188 2.06549
-1.8012 -1.92088 2.10588
-1.84328 -1.97806 2.14296
-1.88189 -2.03182 2.17667
-1.91647 -2.07946 2.20743
-1.94777 -2.12211 2.23449
-1.9774 -2.15984 2.25727
-2.00501 -2.1917 2.27529
-2.02802 -2.21579 2.28726
-2.04564 -2.22934 2.29368
-2.05926 -2.23607 2.29781
-2.06713 -2.24152 2.3032
-2.06558 -2.24682 2.30935
-2.05574 -2.24959 2.31219
-2.04198 -2.24615 2.31033
-2.02622 -2.23499 2.304
-2.01109 -2.21694 2.29206
-2.00012 -2.19432 2.27714
-1.99453 -2.16817 2.26136
-1.99565 -2.13899 2.24203
-2.00478 -2.10516 2.21733
-2.01693 -2.06568 2.18994
-2.02718 -2.02406 2.1615
-2.03487 -1.98034 2.13069
-2.0387 -1.93058 2.09857
-2.04167 -1.87416 2.06338
-2.04503 -1.81419 2.02505
-2.0457 -1.75439 1.98625
-2.04133 -1.69477 1.94672
-2.03232 -1.63298 1.90501
-2.01871 -1.56895 1.86171
-1.99806 -1.50178 1.8197
-1.97175 -1.42803 1.77859
-1.94597 -1.34455 1.73509
-1.92439 -1.25203 1.68614
-1.90307 -1.15445 1.63157
-1.88141 -1.05558 1.5714
-1.86061 -0.953497 1.50765
-1.83678 -0.847379 1.44541
-1.81022 -0.744278 1.38492
-1.78439 -0.646959 1.32287
-1.75663 -0.553517 1.26026
-1.72517 -0.464147 1.1993
-1.69335 -0.378522 1.13936
-1.66059 -0.295751 1.08338
-1.6244 -0.216308 1.03329
-1.58576 -0.140807 0.985953
-1.54576 -0.0683771 0.941635
-1.50588 0.00167482 0.901416
-1.47211 0.0697528 0.861781
-1.44727 0.134285 0.822032
-1.42496 0.193071 0.787169
-1.39943 0.246107 0.759214
-1.37164 0.292297 0.73452
-1.34324 0.330111 0.710936
-1.31195 0.359994 0.689711
-1.27696 0.385662 0.67091
-1.24162 0.41059 0.653136
-1.20612 0.434074 0.637072
-1.16867 0.454916 0.624233
-1.13053 0.471997 0.613786
-1.09313 0.485622 0.604401
-1.05457 0.499361 0.595827
-1.01185 0.513789 0.588041
-0.963903 0.524022 0.581423
-0.910389 0.5268 0.576247
-0.852295 0.526475 0.572796
-0.792906 0.52743 0.571214
-0.736377 0.528505 0.570992
-0.683831 0.530002 0.571885
-0.631367 0.533035 0.573493
-0.577846 0.535544 0.57577
-0.526262 0.534454 0.579824
-0.477629 0.531449 0.586793
-0.43223 0.530921 0.597332
-0.391274 0.531565 0.61168
-0.354034 0.53011 0.629506
-0.318058 0.525526 0.649607
-0.283922 0.51867 0.668784
-0.253186 0.512703 0.684567
-0.225928 0.50978 0.698437
-0.203446 0.509584 0.71181
-0.185575 0.510989 0.724589
-0.170608 0.512419 0.736025
-0.159447 0.511029 0.74523
-0.152339 0.504858 0.753735
-0.147157 0.495159 0.764317
-0.143812 0.485124 0.777585
-0.143797 0.478368 0.792245
-0.147997 0.47336 0.807461
-0.155054 0.463232 0.82394
-0.162587 0.449415 0.843421
-0.173456 0.439405 0.86513
-0.192021 0.431037 0.887045
-0.215368 0.417541 0.909366
-0.236483 0.398348 0.933184
-0.253278 0.379772 0.958692
-0.272175 0.366056 0.984296
-0.299828 0.353237 1.00847
-0.335609 0.339233 1.03112
-0.376568 0.32614 1.0524
-0.42194 0.311903 1.07174
-0.473874 0.293422 1.08773
-0.534829 0.27519 1.09811
-0.603233 0.263882 1.10171
-0.676086 0.261043 1.09971
-0.753313 0.267292 1.09351
-0.83442 0.282643 1.08504
-0.918089 0.307717 1.07518
-1.00457 0.340903 1.0634
-1.09079 0.375621 1.05035
-1.17361 0.411334 1.03559
-1.25261 0.446969 1.0185
-1.32457 0.47791 1.00103
-1.38781 0.511855 0.986138
-1.44479 0.556588 0.978234
-1.4951 0.604545 0.980162
-1.5392 0.650376 0.986488
-1.57798 0.705596 0.991567
-1.60777 0.782267 0.995462
-1.63222 0.871018 0.995453
-1.65843 0.955694 0.988594
-1.68238 1.03916 0.977745
-1.69705 1.13035 0.966101
-1.70028 1.22265 0.954879
-1.6931 1.29789 0.943868
-1.67837 1.34595 0.930795
-1.66006 1.3779 0.912088
-1.63512 1.4045 0.889327
-1.59675 1.41905 0.868311
-1.54934 1.41526 0.848444
-1.49399 1.39615 0.830068
-1.43063 1.36672 0.812288
-1.36326 1.32962 0.793585
-1.29064 1.28375 0.775701
-1.21597 1.23106 0.756349
-1.14128 1.17688 0.736843
-1.06393 1.12092 0.721793
-0.982517 1.06353 0.712796
-0.898021 1.00829 0.705972
-0.813421 0.95345 0.694905
-0.730252 0.896424 0.676372
-0.649269 0.837823 0.651544
-0.571909 0.779639 0.62295
-0.498388 0.72482 0.591892
-0.425911 0.67161 0.561353
-0.355814 0.618692 0.532388
-0.293985 0.570305 0.502432
-0.240468 0.527534 0.472061
-0.19418 0.487146 0.442785
-0.155853 0.450031 0.414769
-0.122455 0.420386 0.388759
-0.0921619 0.39852 0.365867
-0.0648349 0.382156 0.347657
-0.0394808 0.369416 0.333681
-0.0176965 0.359128 0.322354
-0.00207394 0.349765 0.312852
0.00895775 0.339051 0.304016
0.0174495 0.328736 0.295123
0.0229419 0.322496 0.287573
0.0272456 0.319228 0.283111
0.0332667 0.315901 0.282168
0.0404487 0.311358 0.283807
0.0452523 0.304687 0.285906
0.0467989 0.292565 0.287385
0.0472551 0.27565 0.289008
0.0472957 0.258064 0.291621
0.0462633 0.239568 0.295832
0.0448362 0.222527 0.303425
0.0441509 0.212604 0.315193
0.0431606 0.205212 0.329025
0.0405352 0.19065 0.344288
0.0333439 0.168929 0.360717
0.0176743 0.144579 0.375267
-0.00481847 0.119357 0.386901
-0.0303958 0.0909914 0.396694
-0.0589304 0.0576623 0.406487
-0.092309 0.0207678 0.417418
-0.132308 -0.0200619 0.428996
-0.179786 -0.0663624 0.441359
-0.233367 -0.11625 0.455122
-0.2921 -0.167161 0.470644
-0.356055 -0.220624 0.488182
-0.421919 -0.276686 0.509446
-0.487556 -0.331222 0.534558
-0.553004 -0.381516 0.562263
-0.618715 -0.43042 0.592167
-0.684726 -0.484141 0.623215
-0.748158 -0.543392 0.655453
-0.809135 -0.602116 0.689333
-0.868855 -0.657221 0.72381
-0.924236 -0.712501 0.759917
-0.977636 -0.771039 0.798435
-1.03478 -0.829391 0.837676
-1.0938 -0.884795 0.879408
-1.1502 -0.941891 0.926104
-1.20037 -1.0035 0.977701
-1.24497 -1.06278 1.03226
-1.2893 -1.11604 1.08592
-1.33218 -1.1702 1.13818
-1.37174 -1.22962 1.1914
-1.41466 -1.28784 1.24348
-1.462 -1.33926 1.2919
-1.50686 -1.38814 1.3395
-1.54978 -1.43748 1.38676
-1.59308 -1.48328 1.43253
-1.63483 -1.52265 1.47884
-1.6805 -1.55815 1.52479
-1.73451 -1.59293 1.56827
-1.79065 -1.62775 1.61136
-1.84574 -1.66352 1.65452
-1.90042 -1.69878 1.69469
-1.95114 -1.73099 1.73263
-1.99458 -1.76237 1.77089
-2.03323 -1.79531 1.80944
-2.07221 -1.826 1.84787
-2.11367 -1.85027 1.88456
-2.15752 -1.86945 1.91731
-2.20065 -1.88586 1.94686
-2.23889 -1.89951 1.97563
-2.27273 -1.91036 2.00421
-2.30351 -1.91918 2.03102
-2.32822 -1.92684 2.05481
-2.3449 -1.93329 2.07529
-2.3563 -1.93653 2.09196
-2.36418 -1.93535 2.10476
-2.37117 -1.92884 2.1132
-2.3812 -1.91565 2.11652
-2.3928 -1.89827 2.11548
-2.4033 -1.87782 2.11077
-2.41316 -1.85104 2.10232
-2.42029 -1.81961 2.08987
-2.42179 -1.78704 2.07337
-2.4187 -1.75076 2.05311
-2.4104 -1.71104 2.03034
-2.39592 -1.67408 2.00689
-2.37855 -1.64212 1.98372
-2.35884 -1.61271 1.96087
-2.3325 -1.58206 1.93899
-2.29964 -1.54439 1.91776
-2.26317 -1.49997 1.8947
-2.22301 -1.45603 1.87088
-2.17956 -1.4139 1.84917
-2.13284 -1.3695 1.82793
-2.08076 -1.32312 1.80474
-2.02172 -1.27877 1.78076
-1.95745 -1.23454 1.75775
-1.89307 -1.18678 1.73568
-1.83053 -1.13705 1.71464
-1.76791 -1.08644 1.69484
-1.70553 -1.03668 1.67486
-1.64248 -0.989797 1.65509
-1.5762 -0.9486 1.63793
-1.51191 -0.914774 1.62145
-1.45192 -0.883624 1.60384
-1.38976 -0.853828 1.58751
-1.32614 -0.827585 1.57103
-1.26596 -0.799576 1.55
-1.20955 -0.76311 1.52481
-1.15641 -0.720903 1.49685
-1.107 -0.679279 1.46544
-1.06103 -0.638805 1.43192
-1.01646 -0.597724 1.39852
-0.971697 -0.556748 1.36567
-0.928597 -0.515316 1.333
-0.891755 -0.469544 1.29887
-0.862586 -0.419128 1.26135
-0.836695 -0.368267 1.22056
-0.808678 -0.318275 1.17899
-0.775298 -0.272735 1.14019
-0.73723 -0.234897 1.10448
-0.699784 -0.201388 1.06992
-0.6677 -0.170856 1.03624
-0.641161 -0.143682 1.00344
-0.619743 -0.121194 0.971197
-0.603319 -0.104164 0.940086
-0.588812 -0.087106 0.91152
-0.572142 -0.0676871 0.886434
-0.553096 -0.0499389 0.864996
-0.536403 -0.0364085 0.847393
-0.525653 -0.0269633 0.832574
-0.520174 -0.0198685 0.818736
-0.517251 -0.0145361 0.805164
-0.513768 -0.010771 0.792663
-0.508442 -0.00631035 0.782523
-0.500354 -0.00104782 0.774606
-0.487112 0.00222385 0.769313
-0.466279 0.00271878 0.767244
-0.43796 0.0012988 0.767028
-0.405991 -0.000767028 0.766789
-0.373775 -0.00248293 0.765063
-0.341167 -0.00438757 0.762055
-0.306607 -0.00491673 0.758838
-0.269496 -5.71023e-05 0.754375
-0.232723 0.0114934 0.747168
-0.200359 0.0276316 0.737017
-0.172469 0.0472468 0.724767
-0.147332 0.0683269 0.712013
-0.125262 0.085174 0.699551
-0.108994 0.0981904 0.686977
-0.0970765 0.114093 0.674129
-0.0862414 0.133782 0.662265
-0.0801554 0.151702 0.65184
-0.0798129 0.164703 0.642377
-0.0802869 0.17311 0.63418
-0.0801736 0.174944 0.627364
-0.0819894 0.170888 0.621913
-0.0851861 0.164681 0.617445
-0.0838585 0.157638 0.613901
-0.0769416 0.148045 0.612051
-0.0695367 0.131691 0.611613
-0.0645364 0.110028 0.61115
-0.0622765 0.0880576 0.609072
-0.0645739 0.0674292 0.605217
-0.0732246 0.0480255 0.600948
-0.0840342 0.0285608 0.598436
-0.0922937 0.010168 0.598842
-0.0986124 -0.00757654 0.602367
-0.10634 -0.0289348 0.609416
-0.117441 -0.0559488 0.619204
-0.130855 -0.0870168 0.631353
-0.14503 -0.118894 0.646226
-0.160236 -0.151398 0.663964
-0.177864 -0.184242 0.683346
-0.198083 -0.21394 0.702005
-0.221369 -0.239461 0.718628
-0.246813 -0.261675 0.732773
-0.271518 -0.280465 0.74505
-0.294519 -0.299132 0.756599
-0.316428 -0.322334 0.768154
-0.340087 -0.350583 0.780114
-0.366023 -0.382253 0.792831
-0.390791 -0.415145 0.807075
-0.41392 -0.449149 0.823596
-0.437247 -0.48786 0.8426
-0.463129 -0.534634 0.863626
-0.492644 -0.589589 0.885734
-0.525549 -0.648249 0.908807
-0.562532 -0.702965 0.934009
-0.602632 -0.749314 0.96185
-0.645234 -0.788042 0.991858
-0.690529 -0.822192 1.0238
-0.7348 -0.855578 1.05744
-0.772918 -0.890612 1.09213
-0.804222 -0.927242 1.12697
-0.831076 -0.965422 1.16186
-0.852637 -1.00628 1.19843
-0.869152 -1.04903 1.23739
-0.8851 -1.09094 1.27586
-0.902436 -1.13047 1.31109
-0.919717 -1.16622 1.34329
-0.936626 -1.19782 1.37352
-0.954376 -1.22726 1.40311
-0.97156 -1.25545 1.43309
-0.986962 -1.28238 1.46357
-1.00132 -1.30723 1.49358
-1.01425 -1.33031 1.52161
-1.02678 -1.35374 1.54708
-1.04214 -1.37424 1.56969
-1.05984 -1.38967 1.58967
-1.07665 -1.40427 1.60819
-1.09218 -1.41912 1.62693
-1.10663 -1.42992 1.6467
-1.11926 -1.43448 1.66595
-1.13246 -1.43397 1.68355
-1.14815 -1.42862 1.69955
-1.16191 -1.42206 1.71392
-1.1681 -1.42031 1.72679
-1.16618 -1.42143 1.73757
-1.16199 -1.41949 1.74475
-1.16227 -1.41525 1.74789
-1.16818 -1.41146 1.74828
-1.17664 -1.40847 1.74833
-1.18489 -1.40738 1.75078
-1.19146 -1.40898 1.75603
-1.19561 -1.41103 1.76318
-1.19923 -1.40796 1.77132
-1.20824 -1.3963 1.77759
-1.22437 -1.37653 1.78043
-1.24243 -1.35037 1.78008
-1.26101 -1.31903 1.77551
-1.28229 -1.2857 1.76727
-1.30542 -1.25815 1.75671
-1.3291 -1.23796 1.74329
-1.35404 -1.21785 1.72702
-1.37924 -1.1963 1.70845
-1.4018 -1.17812 1.68822
-1.42176 -1.16504 1.66729
-1.43955 -1.15466 1.64684
-1.45222 -1.14197 1.62871
-1.45968 -1.12387 1.61277
-1.46543 -1.10185 1.59702
-1.46941 -1.07938 1.58146
-1.46928 -1.06009 1.56697
-1.46639 -1.04468 1.55283
-1.46366 -1.03205 1.53824
-1.46086 -1.02029 1.52298
-1.45707 -1.00788 1.50649
-1.45209 -0.995258 1.48809
-1.44489 -0.981349 1.46844
-1.43497 -0.96635 1.44937
-1.42236 -0.952507 1.43154
-1.40826 -0.937488 1.41362
-1.39568 -0.919017 1.39346
-1.38432 -0.900129 1.37026
-1.37165 -0.884206 1.34525
-1.35739 -0.870312 1.31893
-1.34057 -0.856181 1.29127
-1.32109 -0.842168 1.26393
-1.29997 -0.826916 1.23739
-1.27542 -0.809705 1.2088
-1.24864 -0.79126 1.17506
-1.22683 -0.768621 1.1339
-1.21142 -0.741476 1.0864
-1.19459 -0.715315 1.03789
-1.17108 -0.690129 0.991245
-1.14159 -0.661739 0.947044
-1.11011 -0.633705 0.905033
-1.08189 -0.61191 0.864033
-1.05873 -0.595177 0.825102
-1.0397 -0.580693 0.789173
-1.02441 -0.56988 0.754713
-1.01199 -0.560797 0.71976
-1.0013 -0.549892 0.683723
-0.990797 -0.538713 0.646956
-0.978594 -0.524378 0.61006
-0.964225 -0.499168 0.574009
-0.948399 -0.465168 0.539642
-0.932828 -0.430828 0.50712
-0.917954 -0.397232 0.47677
-0.90396 -0.362992 0.448405
-0.892531 -0.328561 0.421882
-0.883471 -0.293364 0.398235
-0.874232 -0.261051 0.378843
-0.864031 -0.236072 0.366262
-0.853898 -0.217304 0.361345
-0.842286 -0.20291 0.362434
-0.826968 -0.19131 0.36764
-0.806827 -0.180918 0.375406
-0.77965 -0.171626 0.385392
-0.744626 -0.163574 0.397
-0.702629 -0.156278 0.409819
-0.657148 -0.147861 0.424583
-0.614089 -0.136896 0.441314
-0.572837 -0.124894 0.45932
-0.529729 -0.11504 0.479059
-0.485813 -0.108158 0.500691
-0.443392 -0.103151 0.522129
-0.404587 -0.102906 0.542504
-0.370178 -0.109366 0.563664
-0.33991 -0.120112 0.586224
-0.315218 -0.134129 0.608691
-0.297801 -0.148002 0.629835
-0.287406 -0.160315 0.648143
-0.28169 -0.174632 0.661398
-0.281605 -0.190223 0.669002
-0.288319 -0.205537 0.673321
-0.296432 -0.219088 0.678062
-0.303396 -0.228529 0.68492
-0.313069 -0.233121 0.693118
-0.328264 -0.232337 0.70032
-0.347818 -0.229029 0.703884
-0.367584 -0.228305 0.703917
-0.386383 -0.233856 0.701992
-0.408234 -0.245222 0.699065
-0.435114 -0.258024 0.695925
-0.464198 -0.269481 0.692528
-0.493558 -0.280668 0.68889
-0.52436 -0.293104 0.684837
-0.556461 -0.306298 0.679989
-0.588853 -0.318324 0.676131
-0.622855 -0.328849 0.674514
-0.657063 -0.342425 0.675213
-0.686394 -0.361617 0.679097
-0.710174 -0.382371 0.686641
-0.731981 -0.402057 0.697074
-0.75342 -0.423299 0.709524
-0.773758 -0.447522 0.724237
-0.792576 -0.47276 0.740785
-0.811777 -0.496612 0.757149
-0.831301 -0.518985 0.77251
-0.84869 -0.539772 0.788981
-0.865585 -0.55704 0.807488
-0.883658 -0.57346 0.826537
-0.901566 -0.593106 0.845767
-0.91843 -0.614642 0.865836
-0.932166 -0.635454 0.886889
-0.940304 -0.654511 0.909637
-0.944845 -0.672023 0.935148
-0.949861 -0.690444 0.963101
-0.956338 -0.713298 0.992201
-0.965001 -0.739602 1.02029
-0.977678 -0.764762 1.04569
-0.993605 -0.786178 1.06871
-1.00959 -0.802541 1.09056
-1.02378 -0.816632 1.1128
-1.0367 -0.832805 1.13731
-1.04629 -0.849885 1.16578
-1.05157 -0.864781 1.19753
-1.05553 -0.878396 1.22992
-1.05897 -0.893731 1.26109
-1.06149 -0.911292 1.29003
-1.06312 -0.929202 1.31644
-1.06393 -0.948814 1.34039
-1.06426 -0.970801 1.36147
-1.06351 -0.989331 1.37845
-1.06024 -1.00361 1.38988
-1.05486 -1.01932 1.39684
-1.04919 -1.03812 1.40091
-1.04298 -1.0554 1.40202
-1.03643 -1.06678 1.40011
-1.02958 -1.07094 1.39431
-1.02079 -1.06742 1.38417
-1.01304 -1.05949 1.37097
-1.01174 -1.05135 1.35514
-1.0178 -1.04346 1.33462
-1.03201 -1.03462 1.30833
-1.05504 -1.02343 1.27723
-1.08579 -1.00931 1.24017
-1.12415 -0.991841 1.19571
-1.1661 -0.969841 1.1459
-1.20642 -0.945293 1.09269
-1.24531 -0.922064 1.0359
-1.28357 -0.899578 0.976158
-1.31772 -0.875038 0.916454
-1.34386 -0.849844 0.858273
-1.36337 -0.823348 0.801366
-1.37811 -0.792497 0.745717
-1.3885 -0.760792 0.689061
-1.39509 -0.729204 0.631508
-1.39698 -0.695285 0.576024
-1.39599 -0.662365 0.521803
-1.39348 -0.631947 0.470004
-1.38843 -0.600989 0.42332
-1.38019 -0.568184 0.379829
-1.36788 -0.533309 0.33805
-1.35176 -0.498118 0.298408
-1.33123 -0.465014 0.261742
-1.30503 -0.432145 0.228138
-1.27313 -0.399578 0.196072
-1.238 -0.369654 0.164884
-1.20123 -0.341035 0.135049
-1.16037 -0.31103 0.108364
-1.11351 -0.277339 0.0875941
-1.06034 -0.238379 0.0741681
-1.00459 -0.194797 0.0665044
-0.951514 -0.146253 0.0623538
-0.901039 -0.0924029 0.0621086
-0.852502 -0.0402659 0.0647621
-0.808844 0.00628725 0.0671893
-0.77146 0.0499879 0.0698513
-0.735772 0.0901919 0.075439
-0.699574 0.12867 0.0842557
-0.665269 0.167123 0.0952475
-0.634518 0.201865 0.108356
-0.607954 0.23118 0.123158
-0.583767 0.256901 0.138475
-0.560946 0.278861 0.153563
-0.542006 0.29554 0.16853
-0.529044 0.308674 0.182975
-0.520123 0.318941 0.195779
-0.513234 0.325751 0.20736
-0.50924 0.332462 0.218819
-0.507097 0.341152 0.230972
-0.503097 0.350463 0.24411
-0.495101 0.360517 0.257826
-0.485974 0.372748 0.271382
-0.478739 0.387809 0.283517
-0.469183 0.403454 0.29357
-0.452009 0.415896 0.302823
-0.427559 0.426332 0.311983
-0.400094 0.439462 0.318732
-0.373062 0.454771 0.320066
-0.344094 0.467678 0.316262
-0.309617 0.472516 0.309935
-0.273607 0.467147 0.301847
-0.241194 0.456626 0.294418
-0.211554 0.445039 0.291064
-0.183629 0.431305 0.289854
-0.156406 0.416842 0.288216
-0.129284 0.408768 0.285489
-0.1047 0.408295 0.280837
-0.0844131 0.409355 0.276818
-0.0724139 0.407006 0.275916
-0.0715559 0.399782 0.278418
-0.0766881 0.389301 0.284752
-0.0835631 0.378298 0.29397
-0.0924814 0.366918 0.306233
-0.104689 0.350219 0.321737
-0.119405 0.326541 0.34061
-0.135421 0.299265 0.3634
-0.15374 0.271588 0.388606
-0.172745 0.245185 0.416068
-0.189791 0.216045 0.446225
-0.205446 0.183646 0.47853
-0.222981 0.151569 0.513034
-0.243686 0.116914 0.550645
-0.263279 0.076445 0.592987
-0.281254 0.0310475 0.638944
-0.301606 -0.015728 0.686774
-0.323409 -0.0615907 0.737148
-0.345198 -0.108045 0.788996
-0.368285 -0.158026 0.840091
-0.392598 -0.210823 0.890488
-0.419155 -0.263212 0.940769
-0.449775 -0.316107 0.991308
-0.483084 -0.371592 1.04407
-0.516761 -0.430237 1.1006
-0.55123 -0.489655 1.15878
-0.588877 -0.545092 1.21576
-0.629075 -0.593692 1.27197
-0.669638 -0.63545 1.32777
-0.709545 -0.673845 1.38096
-0.746209 -0.712286 1.42986
-0.778246 -0.750843 1.47558
-0.808155 -0.787741 1.51933
-0.836288 -0.822177 1.56122
-0.860331 -0.855883 1.60099
-0.881481 -0.890926 1.63627
-0.902501 -0.928282 1.66571
-0.922734 -0.968678 1.68987
-0.940575 -1.0092 1.70818
-0.956685 -1.04167 1.71989
-0.973544 -1.06513 1.72488
-0.992818 -1.08498 1.72323
-1.01257 -1.09996 1.71502
-1.0301 -1.10998 1.7019
-1.04614 -1.11852 1.68403
-1.06228 -1.12466 1.65861
-1.07621 -1.12522 1.62881
-1.08551 -1.12085 1.59987
-1.09137 -1.11875 1.57091
-1.09588 -1.1222 1.54081
-1.10147 -1.128 1.50729
-1.1081 -1.13412 1.46631
-1.11033 -1.13631 1.4223
-1.1048 -1.13376 1.38226
-1.09553 -1.13095 1.34513
-1.08434 -1.12792 1.30881
-1.07238 -1.12448 1.27184
-1.06412 -1.12339 1.23068
-1.05879 -1.12603 1.18512
-1.05426 -1.13272 1.13784
-1.04982 -1.13917 1.09116
-1.04443 -1.13879 1.04602
-1.03971 -1.13007 1.00133
-1.03903 -1.11395 0.956067
-1.04519 -1.096 0.909877
-1.05682 -1.08311 0.862627
-1.06953 -1.07249 0.815833
-1.08101 -1.05714 0.769902
-1.09175 -1.0345 0.7234
-1.1005 -1.00409 0.67886
-1.10521 -0.967534 0.637258
-1.10775 -0.924863 0.594568
-1.10796 -0.870973 0.551445
-1.10249 -0.807029 0.512103
-1.08936 -0.740243 0.477261
-1.0696 -0.671516 0.443879
-1.0451 -0.599655 0.409912
-1.01496 -0.528897 0.377308
-0.97847 -0.461569 0.347711
-0.936883 -0.396904 0.320551
-0.894072 -0.334976 0.294646
-0.853738 -0.274889 0.269068
-0.815581 -0.21617 0.243881
-0.778069 -0.1585 0.21888
-0.738875 -0.103735 0.193152
-0.697461 -0.0578517 0.167893
-0.657666 -0.0227456 0.145441
-0.620327 0.00687321 0.125489
-0.583551 0.0349521 0.107099
-0.547504 0.0603472 0.0904439
-0.514156 0.0829492 0.0742788
-0.486001 0.104854 0.0568858
-0.46424 0.128095 0.0378147
-0.448806 0.155317 0.017294
-0.43766 0.184708 -0.00189729
-0.428874 0.211631 -0.0178468
-0.420346 0.232978 -0.0317143
-0.4112 0.247492 -0.0441973
-0.405283 0.260292 -0.0565436
-0.403946 0.275976 -0.0684361
-0.404255 0.29187 -0.0771135
-0.404165 0.306004 -0.0815703
-0.403708 0.31888 -0.0823283
-0.405209 0.331319 -0.0792296
-0.411927 0.344248 -0.0731276
-0.424267 0.354531 -0.065784
-0.439257 0.361645 -0.0575141
-0.455005 0.369013 -0.0471154
-0.470585 0.378216 -0.0326907
-0.483718 0.387098 -0.0143565
-0.493996 0.38929 0.00543406
-0.502928 0.385037 0.0248144
-0.508901 0.379107 0.0440018
-0.508272 0.372461 0.0645579
-0.500418 0.364964 0.0876303
-0.486636 0.357813 0.113508
-0.466685 0.352705 0.140751
-0.4405 0.347724 0.16641
-0.408884 0.337832 0.190164
-0.3725 0.321016 0.214506
-0.331778 0.300687 0.241731
-0.287786 0.281372 0.272938
-0.242052 0.265478 0.307952
-0.195387 0.252215 0.345432
-0.150541 0.238528 0.382419
-0.107361 0.221855 0.417699
-0.0622072 0.200559 0.453747
-0.0175976 0.17647 0.491868
0.0218396 0.154454 0.531267
0.0587345 0.133853 0.570903
0.0985224 0.109244 0.608938
0.140523 0.0792939 0.644311
0.181061 0.046647 0.676703
0.219425 0.0148055 0.705299
0.254693 -0.014261 0.73008
0.285148 -0.039409 0.752375
0.3111 -0.0598489 0.775303
0.332881 -0.0784802 0.80008
0.34945 -0.0984476 0.823891
0.359109 -0.11729 0.845513
0.363174 -0.134905 0.866291
0.365218 -0.154999 0.887411
0.363243 -0.174264 0.909243
0.354894 -0.187961 0.932255
0.34356 -0.19293 0.956403
0.330694 -0.187542 0.980115
0.314083 -0.176918 1.00238
0.291066 -0.167148 1.02258
0.262386 -0.160304 1.04131
0.231635 -0.157056 1.06026
0.199585 -0.156633 1.07919
0.164991 -0.156825 1.09745
0.126388 -0.160809 1.1149
0.0814736 -0.172137 1.13032
0.0265526 -0.18674 1.14169
-0.0406075 -0.202529 1.14714
-0.116015 -0.221102 1.1483
-0.19245 -0.244906 1.15134
-0.270938 -0.274659 1.15784
-0.354539 -0.303351 1.16524
-0.439451 -0.325893 1.17373
-0.525112 -0.343914 1.18179
-0.611943 -0.357536 1.18861
-0.69768 -0.367596 1.19622
-0.781514 -0.377025 1.2044
-0.863216 -0.386733 1.21348
-0.943342 -0.398768 1.2241
-1.02319 -0.414313 1.23533
-1.10166 -0.43309 1.24766
-1.17638 -0.453494 1.26197
-1.24779 -0.471768 1.27655
-1.31779 -0.489686 1.289
-1.38584 -0.510817 1.30053
-1.44855 -0.533158 1.31186
-1.5057 -0.555355 1.32192
-1.55862 -0.582286 1.33331
-1.6074 -0.616675 1.34778
-1.65347 -0.653264 1.3633
-1.69683 -0.68837 1.37943
-1.73633 -0.724558 1.39695
-1.7713 -0.762876 1.41721
-1.80339 -0.802337 1.44239
-1.83644 -0.843789 1.47147
-1.86936 -0.889103 1.50254
-1.89969 -0.936525 1.53561
-1.92875 -0.979717 1.56929
-1.95626 -1.01914 1.60229
-1.98071 -1.05995 1.63561
-1.99979 -1.10278 1.67096
-2.01063 -1.14566 1.70924
-2.01593 -1.18444 1.74887
-2.02053 -1.21644 1.787
-2.02452 -1.24521 1.82357
-2.02605 -1.27315 1.86099
-2.02364 -1.29816 1.90077
-2.01577 -1.31985 1.94265
-2.00339 -1.34038 1.98484
-1.98695 -1.36073 2.02621
-1.96518 -1.37873 2.06613
-1.93899 -1.39301 2.10193
-1.91059 -1.40059 2.1303
-1.88143 -1.39852 2.14978
-1.85179 -1.38969 2.16154
-1.8236 -1.37816 2.16778
-1.79852 -1.36364 2.16839
-1.77596 -1.34373 2.1621
-1.75603 -1.32044 2.14987
-1.73726 -1.29751 2.13439
-1.717 -1.27447 2.11643
-1.69622 -1.24962 2.09434
-1.67675 -1.22081 2.06786
-1.65888 -1.1866 2.03803
-1.64136 -1.14937 2.00625
-1.6216 -1.11157 1.97325
-1.59746 -1.07212 1.93681
-1.56797 -1.02848 1.89638
-1.53184 -0.979038 1.85446
-1.48911 -0.923799 1.81008
-1.44456 -0.867202 1.76128
-1.39875 -0.813777 1.71147
-1.35032 -0.762951 1.66302
-1.30276 -0.711389 1.61274
-1.25397 -0.659807 1.56149
-1.20158 -0.612797 1.51142
-1.15093 -0.566883 1.45925
-1.10511 -0.516379 1.40489
-1.06301 -0.460944 1.34903
-1.02426 -0.401023 1.29065
-0.989683 -0.337835 1.23141
-0.954938 -0.271538 1.17338
-0.914005 -0.203589 1.11744
-0.869921 -0.13785 1.0629
-0.827493 -0.0750516 1.00862
-0.785714 -0.0131674 0.955168
-0.740934 0.0461226 0.904568
-0.693067 0.100184 0.856051
-0.644749 0.152475 0.807514
-0.598772 0.207526 0.757912
-0.556782 0.263796 0.707557
-0.517958 0.316381 0.658696
-0.484235 0.362566 0.612103
-0.456458 0.404815 0.569103
-0.431744 0.445413 0.531254
-0.409171 0.48099 0.497101
-0.389329 0.510375 0.467548
-0.372187 0.533824 0.443756
-0.358499 0.54781 0.422249
-0.349108 0.552769 0.402233
-0.344775 0.551521 0.38492
-0.347041 0.540836 0.368861
-0.351923 0.520918 0.355695
-0.352688 0.498604 0.348035
-0.35166 0.476904 0.342061
-0.355076 0.45654 0.334135
-0.362674 0.438409 0.325375
-0.371154 0.42206 0.317041
-0.378345 0.404237 0.310049
-0.383546 0.382322 0.304589
-0.388139 0.359321 0.300273
-0.39365 0.338516 0.296781
-0.398334 0.318837 0.293783
-0.399524 0.299213 0.291732
-0.397675 0.281253 0.291569
-0.395139 0.265687 0.294956
-0.392943 0.252252 0.30335
-0.389507 0.240426 0.316065
-0.384092 0.232939 0.330971
-0.377421 0.229628 0.346062
-0.368224 0.224722 0.360396
-0.355228 0.219971 0.374049
-0.340768 0.220006 0.386819
-0.32574 0.228817 0.397041
-0.30821 0.248862 0.401801
-0.288401 0.275385 0.398852
-0.267797 0.302403 0.388313
-0.245795 0.325985 0.374106
-0.220899 0.344498 0.360795
-0.195279 0.361098 0.34851
-0.172678 0.377604 0.33518
-0.153149 0.391346 0.320176
-0.134413 0.402449 0.304459
-0.114616 0.412001 0.289074
-0.0947315 0.418662 0.27401
-0.0795155 0.422501 0.258758
-0.0697008 0.426424 0.243552
-0.0606307 0.434505 0.229366
-0.050167 0.446502 0.217228
-0.0398283 0.459858 0.206819
-0.0303677 0.472484 0.197048
-0.0208994 0.478652 0.188696
-0.0140742 0.476891 0.18171
-0.0105656 0.471713 0.176266
-0.00591937 0.465039 0.174603
-0.000234116 0.457179 0.175542
0.00573858 0.448989 0.177851
0.0109882 0.44069 0.182573
0.0118937 0.430593 0.189697
0.00922592 0.417965 0.198426
0.00542544 0.406005 0.207523
0.00161999 0.396089 0.217891
-0.00425516 0.384685 0.23038
-0.0148328 0.369391 0.24567
-0.0295453 0.35143 0.264577
-0.0450699 0.33453 0.288594
-0.0605514 0.321904 0.318861
-0.0794644 0.309737 0.35196
-0.0981845 0.289867 0.388722
-0.118308 0.259584 0.428276
-0.144462 0.223966 0.469355
-0.170851 0.187116 0.517438
-0.198861 0.146441 0.569035
-0.22886 0.101995 0.623432
-0.260397 0.0553797 0.681669
-0.29908 0.000847668 0.737682
-0.336436 -0.0625795 0.797851
-0.369005 -0.129781 0.86267
-0.404122 -0.201596 0.92567
-0.437329 -0.277916 0.994317
-0.470306 -0.352797 1.06691
-0.506805 -0.423627 1.13786
-0.544362 -0.496487 1.21154
-0.585284 -0.577808 1.28695
-0.625376 -0.664663 1.36292
-0.661118 -0.753012 1.44298
-0.697178 -0.842854 1.52642
-0.735466 -0.931449 1.60879
-0.773232 -1.01808 1.68969
-0.807993 -1.10674 1.7712
-0.840348 -1.19812 1.85299
-0.870726 -1.29125 1.93583
-0.896618 -1.38639 2.02085
-0.919686 -1.47982 2.10479
-0.947182 -1.56668 2.18396
-0.980242 -1.64576 2.25793
-1.01539 -1.71782 2.32718
-1.0514 -1.78562 2.39139
-1.08693 -1.85186 2.4502
-1.12178 -1.91557 2.50437
-1.15519 -1.97778 2.55441
-1.1839 -2.03953 2.60125
-1.2094 -2.09552 2.64408
-1.23571 -2.14052 2.67883
-1.26069 -2.17547 2.70407
-1.28144 -2.20506 2.72135
-1.29919 -2.22883 2.73139
-1.31424 -2.24271 2.73515
-1.32464 -2.24682 2.73425
-1.32881 -2.24328 2.72897
-1.32756 -2.23164 2.71789
-1.31964 -2.21275 2.70045
-1.30465 -2.19138 2.67586
-1.28783 -2.17102 2.64178
-1.2713 -2.15262 2.60007
-1.2566 -2.13377 2.5539
-1.2468 -2.10967 2.50153
-1.24104 -2.07728 2.44247
-1.24023 -2.03556 2.37708
-1.24562 -1.98816 2.30504
-1.25301 -1.93988 2.23117
-1.26178 -1.89246 2.15862
-1.27293 -1.84662 2.08656
-1.28139 -1.80005 2.01762
-1.28647 -1.75165 1.95138
-1.29241 -1.70398 1.88271
-1.29869 -1.65633 1.81194
-1.30273 -1.60794 1.74086
-1.30392 -1.56081 1.66825
-1.29983 -1.51376 1.59461
-1.29019 -1.4633 1.51925
-1.28021 -1.40536 1.44085
-1.27139 -1.34069 1.36287
-1.26179 -1.27695 1.28729
-1.25299 -1.21448 1.21008
-1.24427 -1.14865 1.13172
-1.23239 -1.07993 1.05555
-1.21815 -1.00635 0.980015
-1.2009 -0.924604 0.906784
-1.18127 -0.837303 0.838621
-1.16337 -0.748506 0.773071
-1.14545 -0.66171 0.712005
-1.12471 -0.58238 0.659328
-1.10411 -0.510385 0.611798
-1.08407 -0.443295 0.56858
-1.06132 -0.385333 0.533393
-1.03771 -0.335431 0.503986
-1.01659 -0.286621 0.476567
-0.994817 -0.236823 0.451732
-0.969633 -0.186889 0.42953
-0.943025 -0.139752 0.407877
-0.916669 -0.0986173 0.385922
-0.888564 -0.0654203 0.365615
-0.858348 -0.0363504 0.347501
-0.830912 -0.00376436 0.330204
-0.806331 0.0316375 0.314473
-0.782549 0.0682792 0.300771
-0.759747 0.10599 0.288488
-0.737362 0.139539 0.277805
-0.716998 0.16802 0.267609
-0.697337 0.193312 0.25626
-0.673838 0.213652 0.244654
-0.646663 0.228604 0.23426
-0.617621 0.240549 0.226009
-0.586417 0.249999 0.221058
-0.556181 0.255858 0.21831
-0.531681 0.260642 0.214888
-0.513194 0.26504 0.210839
-0.498989 0.267968 0.207866
-0.487759 0.2738 0.205083
-0.478304 0.284627 0.201589
-0.467576 0.296342 0.199154
-0.450705 0.306502 0.199096
-0.42684 0.317774 0.200255
-0.399271 0.331189 0.201011
-0.370442 0.3441 0.201033
-0.340906 0.35622 0.200439
-0.310925 0.368076 0.198827
-0.280816 0.378081 0.195967
-0.252819 0.384641 0.191493
-0.230462 0.392653 0.184934
-0.214126 0.406879 0.176018
-0.200344 0.420219 0.164839
-0.184206 0.425976 0.152328
-0.166203 0.428817 0.138649
-0.151137 0.433952 0.122906
-0.139725 0.439221 0.105592
-0.129444 0.444207 0.0890957
-0.11871 0.451327 0.0749854
-0.106957 0.458016 0.0636655
-0.0950078 0.462927 0.0552968
-0.0848622 0.46929 0.0490223
-0.0764063 0.478516 0.0441335
-0.0676245 0.4877 0.0415538
-0.0561922 0.492775 0.0425598
-0.0410864 0.492696 0.045245
-0.0232338 0.486188 0.0468466
-0.00383985 0.472849 0.0478508
0.0147433 0.458169 0.049202
0.028778 0.445604 0.050763
0.0370135 0.434129 0.0526176
0.0422009 0.425745 0.0551995
0.0464471 0.422863 0.0582429
0.0519476 0.423392 0.0607069
0.0611806 0.42102 0.0622887
0.0730048 0.412558 0.0646947
0.0859479 0.401896 0.0695479
0.100314 0.392802 0.0767235
0.113347 0.383401 0.084905
0.119784 0.370348 0.0931005
0.120433 0.355942 0.103123
0.121268 0.343993 0.117292
0.124572 0.334115 0.134295
0.128215 0.32689 0.151455
0.130429 0.325975 0.170093
0.13196 0.330211 0.192941
0.133351 0.333826 0.218346
0.132937 0.335824 0.240839
0.13061 0.338454 0.256896
0.128555 0.340517 0.269206
0.125907 0.341146 0.279993
0.120884 0.341854 0.287657
0.116478 0.343211 0.293466
0.116356 0.344549 0.300036
0.117791 0.34559 0.30585
0.114364 0.345047 0.306822
0.103623 0.341814 0.30135
0.0902869 0.336407 0.291637
0.082629 0.327372 0.281485
0.0832068 0.313826 0.273448
0.0888264 0.294961 0.267664
0.0953642 0.270552 0.262813
0.100184 0.24523 0.257543
0.101773 0.222931 0.251389
0.0994206 0.203787 0.243215
0.0946629 0.189019 0.232051
0.0883724 0.178528 0.219754
0.0828904 0.167503 0.208732
0.0802257 0.156136 0.199248
0.0783197 0.150746 0.190555
0.0747171 0.153865 0.18074
0.0700214 0.160524 0.169053
0.068046 0.164218 0.157866
0.0702946 0.163491 0.149643
0.0749741 0.157712 0.145857
0.0803109 0.144239 0.146778
0.0840128 0.124192 0.152242
0.0839063 0.104668 0.160902
0.0814722 0.0902056 0.170415
0.0786878 0.0795611 0.180822
0.0758579 0.0717655 0.192493
0.0756949 0.0671986 0.20397
