0.0811529 -0.191845 0.064881
0.226449 -0.161589 -0.0290955
0.11908 0.324236 -0.164165
-0.0615305 0.0607281 0.0249917
-0.0859148 -0.101498 -0.00770024
-0.0743118 -0.138672 -0.0821063
-0.160962 -0.329131 -0.0298555
-0.0388361 -0.290323 -0.0911283
0.130351 -0.227842 -0.0985881
0.136629 -0.539549 -0.0896795
0.0107121 -0.455745 -0.0261443
-0.363472 0.168689 -0.245722
0.270588 -0.254661 -0.0360114
-0.0436054 -0.0686978 -0.200714
0.00442816 -0.218581 0.000231688
0.179427 0.0601799 0.00459344
0.0903912 -0.134679 -0.0728943
-0.120778 -0.185017 -0.103855
0.0312485 0.365035 -0.0831234
0.0738235 -0.0973509 -0.125723
-0.274836 0.161001 -0.0621386
-0.151871 0.406092 -0.00877401
-0.191008 -0.141364 -0.0159215
-0.303783 -0.257693 -0.0809349
-0.287974 -0.23923 -0.0381038
-0.144322 0.16733 -0.13609
-0.235887 -0.0363989 0.119693
-0.319962 -0.129743 -0.0812348
-0.528569 -0.129214 -0.164749
-0.481906 0.047983 -0.313964
-0.657827 0.0500754 -0.439796
-0.821703 -0.0876993 -0.520147
-0.273453 -0.329039 -0.356388
-0.568121 -0.0334336 -0.429509
-0.563684 0.0909387 -0.323014
-0.394287 0.210419 -0.200361
-0.491909 -0.167016 -0.437501
-0.35561 0.212002 -0.347147
-0.604127 -0.0941069 -0.518115
-0.439486 -0.146872 -0.27409
-0.406369 -0.168354 -0.149215
-0.758986 -0.157818 -0.342521
-0.56601 -0.0645127 -0.457273
-0.0551665 -0.349363 -0.222292
-0.481589 0.615707 -0.447732
-0.986367 0.0208651 -0.47915
-0.156065 0.0481245 -0.0622514
-0.168378 -0.332537 -0.0920063
-0.80205 0.0817403 -0.592536
-0.578187 -0.159119 -0.376389
-0.299721 -0.211669 -0.247413
-0.683049 -0.29818 -0.599867
-0.759192 0.0591008 -0.309692
-0.444946 -0.0698332 -0.222041
-0.496216 0.0690144 -0.256564
0.308991 -0.441072 0.370612
0.442597 -0.467703 0.296231
0.264563 0.0662555 0.222835
0.117636 0.0420937 0.0997487
0.264132 0.0175394 0.156317
0.161394 -0.0415296 0.103542
0.281456 -0.338952 0.20964
0.426832 -0.0496818 0.096762
0.287927 -0.0158221 -0.1044
0.0484191 -0.701562 -0.117413
-0.170167 -0.534221 -0.0323209
0.222363 -0.240069 -0.0505934
0.0232159 -0.557421 0.0520522
0.142781 -0.466048 -0.0603896
0.0309071 -0.487358 0.0728992
0.0790547 -0.309533 0.0860978
0.291829 -0.540838 0.0838971
0.313191 -0.376319 -0.0300751
0.161387 -0.21684 0.0249086
0.10525 -0.546177 -0.0560804
-0.0397497 -0.441829 -0.144129
0.183041 -0.118342 -0.129464
0.251305 -0.0322143 -0.242484
0.454723 -0.21963 -0.176124
0.0344518 -0.565394 0.00350031
0.31022 -0.481045 0.0308312
-0.043541 0.0995839 -0.0328562
-0.00296129 -0.410852 -0.154404
0.137516 -0.545546 -0.14801
0.0656442 -0.0702708 -0.252063
0.0231397 -0.0783238 -0.120196
0.126743 -0.306183 -0.0349148
0.273025 -0.675368 -0.062471
0.285392 0.2178 -0.00346891
0.139873 -0.130174 0.0132017
-0.12942 -0.413683 -0.0751813
0.308225 -0.315653 0.157937
0.165187 -0.208063 0.121793
0.254587 -0.239852 0.100459
0.396452 -0.418748 0.170213
0.269151 -0.146017 -0.0215804
0.319449 -0.553163 0.0527954
0.464869 -0.488257 -0.0846454
0.59495 -0.892048 0.148682
0.42955 -0.246614 0.127044
0.436427 -0.548454 -0.00671497
0.290078 -0.36993 0.154727
0.482311 1.97698e-05 0.206434
0.333033 -0.692294 0.0779233
0.180145 -0.492823 -0.0581181
0.555241 -0.414236 0.317391
0.087708 -0.239097 0.0645986
0.0469745 -0.31622 0.0809402
0.0813668 -0.773616 0.304433
-0.121744 -0.204317 0.026685
0.325791 0.0535629 0.0850444
0.123051 -0.629262 0.0696955
0.0154562 -0.340899 -0.122506
0.178463 -0.652037 -0.140489
0.116973 -0.263442 0.0844539
-0.185112 -0.646416 0.111636
-0.177841 -0.540082 -0.0913108
0.0269733 -0.524556 -0.0369712
0.102725 0.136285 0.121469
0.0294478 -0.55995 -0.0935107
0.257557 0.0493408 0.111439
0.161001 -0.444164 0.000704688
0.418285 -0.345812 -0.0775193
-0.318177 0.278036 -0.359302
0.359355 -0.0628411 0.378222
0.216026 0.0983267 -0.403576
0.0307822 -0.34606 -0.402543
-0.0380261 -0.354186 -0.28504
0.315138 -0.234513 -0.142748
0.259312 -0.443323 -0.142033
-0.0408871 -0.58897 -0.117017
1.00518 -0.400355 0.509719
0.300931 -0.183087 0.314748
-0.830205 -0.770803 -0.657772
0.940906 -0.0817293 0.897698
-0.795097 -0.525721 -0.721837
1.00025 -0.608368 0.877987
0.885515 -0.157835 0.705516
-1.09304 -0.0142264 -1.05866
1.13521 -0.0057017 0.975071
-0.638924 -0.258539 -0.58861
0.631519 -0.236299 0.474867
0.381353 -0.64864 0.217531
0.0624431 -0.599206 -0.0935897
0.000435488 -0.360314 0.122634
0.199328 -0.278041 -0.000561559
0.613485 -1.1767 0.145705
0.255155 -0.531275 -0.080205
0.315768 -0.0459091 0.217624
0.612578 -0.744527 0.555289
-0.281241 -0.828881 -0.0509339
0.207563 -0.907049 0.126318
-0.0829564 -0.360612 0.136356
0.287232 -0.307062 0.182296
0.20124 -0.350036 0.405572
0.389307 0.0852885 0.386496
-0.101928 -0.333701 0.131497
0.0463621 -0.785612 0.123263
0.159022 -0.503113 0.224052
0.152312 -0.602814 0.040041
0.196726 -0.253534 0.269924
-0.0952831 -0.0337159 0.0143628
0.330541 -0.42598 0.332156
0.0787724 0.0413159 0.157014
0.0701091 -0.0475879 -0.0127445
-0.340791 -0.673592 -0.151736
0.0449473 -0.659645 0.112435
0.148374 -0.587508 0.37608
0.18124 -0.371379 0.134817
0.0556232 -0.349884 -0.0650968
0.473552 -0.0947695 0.395414
0.530623 -0.161949 0.366874
0.185604 -0.255254 0.0173996
0.169031 -0.703432 0.111447
0.621827 -0.655437 0.48666
0.331518 -0.731725 0.258707
0.196761 -0.623453 0.127243
0.309973 -0.403165 0.271324
0.193527 -0.798931 0.149465
0.45072 -0.540382 -0.113179
0.202195 -0.443614 -0.144966
0.103078 -0.440977 -0.00567412
0.240687 -0.648275 -0.220454
0.23625 0.301606 -0.1416
0.507285 -0.251758 -0.0615784
0.235739 0.00879048 -0.274605
0.0579695 -0.143451 -0.406398
0.263226 -0.656828 -0.120626
0.346237 -0.286449 -0.0765089
0.119881 -0.295737 -0.172064
0.364327 -0.328484 -0.112783
0.323261 -0.242663 -0.0719923
0.455697 -0.144582 -0.16576
0.0625669 -0.342165 -0.24677
0.363936 0.0188704 -0.0522909
0.0648986 -0.142263 -0.0500613
0.554729 -0.391653 0.0845483
0.496927 -0.269913 -0.0506869
0.309994 -0.248245 0.00602126
0.192351 -0.451073 -0.0286915
0.196108 -0.489209 0.0231567
0.192992 -0.435534 -0.106556
0.481287 -0.491033 -0.000365911
0.256638 -0.213481 0.0764972
0.556986 -0.049673 0.00371502
0.261476 -0.0713021 -0.134775
0.631325 -0.0157976 0.0177823
0.44768 -0.224145 0.103401
0.205706 -0.434113 0.124816
0.00597889 -0.303622 0.15033
-0.239855 -0.0182733 0.0669948
-0.0453774 -0.16458 0.224202
-0.262098 0.0669946 -0.0239945
0.0871786 -0.629208 0.251481
-0.346623 -0.109316 0.0745477
-0.485024 -0.472648 0.160124
0.067821 -0.324048 0.118114
-0.348172 0.0365308 0.386849
-0.277981 -0.264118 0.326196
-0.494349 -0.531115 0.173683
0.0282294 -0.170248 0.172686
0.0563173 -0.225135 0.12122
-0.0500193 -0.458381 0.0790374
-0.0888575 -0.2308 -0.05055
0.170201 -0.30138 0.00899342
-0.328173 -0.138122 0.1735
-0.464533 -0.450298 -0.11855
-0.206024 0.30436 0.18294
0.174095 -0.152409 0.301118
-0.363645 -0.00556024 0.0677776
0.0481593 -0.334403 0.0883361
-0.19434 0.142314 0.131678
0.0480667 0.456242 0.329883
-0.456422 -0.0136091 -0.323796
-0.582607 0.168411 -0.269633
0.270722 -0.54405 0.154368
-0.487879 -0.163732 -0.574689
0.780871 -0.102842 0.680822
-0.800877 -0.750883 -0.518885
-0.374809 -0.43334 -0.406046
0.28465 0.542507 0.685254
-1.24166 0.594025 -0.639105
-1.30849 -0.215842 -0.483648
0.320832 -0.332298 0.990302
-0.484922 0.186999 0.0933442
-1.58662 0.0162774 -0.818243
0.681727 0.41576 0.883078
-0.674717 -0.583736 -0.143571
-1.74874 -0.166346 -1.18525
0.744345 -0.209158 0.550063
-1.21734 -0.751949 -1.00166
0.107996 0.149455 -0.0489262
-0.711843 -0.283269 -0.458255
-0.437048 -0.468872 -0.571997
-0.795648 0.415631 -0.44728
-0.669294 -0.490978 -0.313127
-0.106206 -0.675632 -0.187339
-0.462004 -0.644963 -0.289027
-0.135862 -0.183338 -0.282721
0.0339938 0.671466 -0.0522082
-0.507887 0.546053 -0.0806131
-0.788644 -0.707736 -0.266351
-0.768759 0.39825 -0.156397
-0.214567 0.398298 -0.0424525
-0.396964 0.438702 -0.357245
-0.341957 0.207974 -0.215904
-0.542035 -0.125465 -0.268904
-0.703101 0.024392 -0.270124
-0.72773 -0.072508 -0.212732
-0.192885 -0.272629 -0.245797
-0.655302 0.435752 -0.298266
-0.498314 0.30613 -0.125268
-0.412578 -0.0792975 -0.246093
-0.0941255 -0.605474 -0.242867
-0.418746 -0.313423 -0.34036
-0.186936 -0.710618 -0.270975
-0.312032 -0.822005 -0.314668
-0.561138 -1.15021 -0.267026
-0.73102 -1.09275 -0.210304
-0.577277 0.266814 -0.493345
-0.109792 0.936317 -0.337693
-0.423878 -0.457673 -0.0789331
-0.457891 -1.56153 -0.206915
-0.745814 -0.608224 -0.420501
-0.583622 0.0277248 -0.48331
-0.722159 0.28067 -0.216489
-0.305806 -0.341818 -0.186405
-0.728146 -1.03111 -0.230848
-0.746909 -0.625107 -0.346638
-0.696482 -0.287684 -0.384745
-0.738838 -0.482339 -0.376978
-0.653009 0.0235019 -0.444674
-0.132439 -0.497117 -0.22609
-0.58626 -0.311475 -0.241259
-0.400807 -0.204989 -0.169466
-0.742864 0.38985 -0.350985
-0.66885 -0.0974614 -0.343678
-0.521511 -0.380167 -0.270244
-0.417487 0.153934 -0.203054
-0.396724 -0.104558 -0.0771934
-0.282605 -0.104794 0.0330034
-0.153337 0.0793608 -0.232165
-0.596196 -0.08694 -0.272258
-0.208948 -0.498623 -0.181287
-0.575853 0.0562588 -0.417958
-0.134137 0.190691 -0.29055
-0.422638 -0.261045 -0.200435
-0.273143 -0.258978 -0.207559
-0.236478 0.120905 0.00159947
0.00345163 -0.0854219 0.0775071
-0.20938 0.273653 0.0275811
-0.191672 -0.0126392 -0.0957439
-0.190208 0.161425 0.0382578
-0.292819 0.0930822 -0.0318473
-0.368919 0.0970937 -0.151438
-0.24785 0.455273 0.153333
-0.188775 -0.00829122 0.273849
-0.045938 0.151598 0.283475
0.0649791 0.0371328 0.541466
0.293261 0.234816 0.0901159
0.0564039 0.0564694 0.100527
0.80064 -0.135557 0.260356
0.36058 0.0546651 0.130067
0.432305 -0.0173821 0.0244123
0.355457 0.389971 -0.0591388
0.492187 -0.0821342 0.218163
0.431745 0.0799491 0.193526
0.197363 0.359639 -0.273381
0.322968 0.405394 0.0279722
0.718292 -0.0432614 0.408983
0.46146 0.414678 0.077379
0.101165 0.388526 -0.053623
0.696722 0.12253 0.581006
0.0858589 -0.404195 0.446253
-0.0553711 0.281157 0.192256
0.382931 -0.041316 0.33328
0.17085 0.388225 0.197906
0.462154 0.256093 0.391844
0.425486 0.517741 0.174682
0.476192 0.438299 0.251576
0.424122 0.396879 0.0160776
0.529809 0.405281 0.0817713
0.419128 0.287418 -0.00423636
0.0312321 -0.158276 -0.200319
0.388463 0.204414 0.25589
0.835951 0.576525 0.38451
0.792716 -0.329564 0.363793
0.516737 0.360842 0.140729
0.651447 0.242736 0.205231
0.256046 0.173948 0.0721286
0.302733 0.530738 0.0364397
0.930427 0.131022 0.245369
0.282017 0.139225 0.236772
0.684926 0.223918 0.480297
0.799786 -0.105482 0.617814
0.51864 0.227856 0.0960193
0.476493 0.433477 -0.0185993
0.651257 0.474618 0.307566
0.598766 -0.401605 0.287949
0.714688 0.0688962 0.13047
0.648105 0.177324 0.502487
0.603509 0.182181 0.492189
0.441644 0.314478 0.396372
0.373329 0.693425 0.259992
0.735652 0.00377383 0.32774
0.443519 -0.00903939 0.177483
0.64567 0.586543 0.0100307
0.462152 0.8453 0.118601
-0.0725338 0.211647 0.266411
0.553473 0.370061 0.00531748
0.428234 1.41841 0.0209452
0.729112 0.127804 0.141662
0.262671 -0.0548283 0.0962288
0.292273 0.736415 -0.0569618
0.466533 -0.00222483 0.00912167
0.464396 0.254058 0.272301
0.517058 -0.674877 0.150563
0.72386 -0.381657 0.0359286
0.680283 0.328902 0.200255
0.554263 0.0891093 0.0589216
0.421907 0.198765 0.109604
0.159847 -0.22841 0.0151642
0.173979 0.360831 0.183152
0.461765 0.0654716 0.138763
0.970267 0.160354 0.041812
0.444958 -0.281762 0.0727834
0.772893 0.0537728 -0.00558622
0.367247 0.294742 -0.0215691
0.402489 0.0355655 -0.137109
0.220224 0.0406976 -0.0565478
0.650648 0.173006 0.0312523
0.492075 0.749745 0.041316
0.745574 0.300248 0.103514
0.408528 -0.20283 0.0843416
0.478113 -0.100893 0.113588
0.484141 -0.312787 0.125774
0.402391 0.56557 -0.0810511
0.754559 -0.194401 0.0801395
0.608622 0.0651576 0.117119
0.399336 0.627269 0.151114
0.29553 0.420856 0.14574
0.530755 -0.0112321 0.336528
0.171972 0.124688 0.145736
0.0973056 -0.0324642 0.033849
-0.117425 0.362712 0.0852507
0.210585 0.695924 0.075247
0.162518 0.25868 -0.0350686
-0.0210096 0.669551 -0.19847
-0.016695 0.174415 -0.00938184
-0.245719 0.117786 0.0294955
-0.148148 -0.012515 0.0764193
-0.226829 0.296824 -0.0793487
-0.271873 0.270635 0.0647297
-0.248023 -0.156851 0.0664097
-0.164096 0.346993 -0.0762481
-0.181937 -0.0402881 0.0502742
0.342507 0.150994 0.151253
-0.126988 -0.221639 0.124734
0.104898 0.250184 0.0799221
0.0380292 0.295114 -0.0053562
-0.177733 0.231522 0.134417
0.0398278 0.208174 0.118349
-0.066354 0.252419 0.0941681
0.289307 -0.0293933 0.27268
0.0938133 -0.277653 0.38097
0.0067188 0.0982755 0.184441
-0.258109 0.290605 -0.0636823
0.186894 0.346573 0.134911
-0.21138 0.146103 0.19589
0.105153 0.0367093 0.0102167
-0.320192 0.057223 0.0968576
0.0508325 0.265379 0.0579539
0.410755 0.0675095 0.309683
0.014597 -0.175886 0.315635
-0.0743639 -0.242812 -0.00142213
0.309328 -0.376898 0.200274
-0.128287 -0.132471 0.26557
0.17259 -0.135106 0.00630573
0.478476 -0.197794 -0.162878
0.221125 -0.16775 0.272201
0.0825923 0.00485112 0.148743
-0.368526 -0.145834 0.0813537
-0.213813 0.262294 0.111869
-0.0531768 0.265512 0.138166
0.0765873 0.374473 0.0867936
0.0150645 0.14946 0.0204332
-0.026204 0.403763 0.0645663
0.130662 0.134695 0.0185903
-0.0512664 0.62293 0.0326793
0.0718014 -0.470126 0.120806
0.127291 0.171173 0.042297
0.538414 -0.0761781 0.414469
0.0678623 0.244082 0.171743
-0.25941 -0.0087891 -0.0227705
0.00865516 0.144252 0.0310058
0.0606754 -0.172152 0.0948575
0.453232 0.380505 0.18275
-0.169028 -0.328053 0.0883601
-0.0274269 -0.0386957 0.0555862
0.441309 0.172147 0.12772
0.290543 0.00493609 0.220763
0.0986329 -0.381512 0.11553
-0.371008 -0.212905 -0.0360498
-0.209303 -0.199793 -0.132774
0.126082 -0.430037 0.00375514
0.141845 0.00774442 -0.0110156
0.0529356 -0.209123 0.043101
-0.221566 -0.118858 -0.0619506
-0.410034 -0.0589104 -0.156807
0.115939 0.0214102 -0.0579497
-0.022601 0.259978 -0.112414
-0.122948 -0.418554 -0.195162
-0.0574377 0.17799 -0.109721
-0.327587 0.382443 -0.146742
-0.264675 0.158257 0.113264
0.0651386 0.103511 -0.0267901
-0.182972 0.170139 -0.272673
-0.324358 -0.522221 -0.227722
-0.40604 0.455083 -0.179735
0.129427 0.334344 -0.258648
-0.181562 0.0881366 0.0341751
-0.0617686 -0.00398436 -0.0193025
-0.146304 0.0667085 -0.0329524
-0.110328 -0.167132 -0.00882954
-0.242224 0.124595 0.123569
-0.0622125 0.102617 0.0533538
-0.155835 -0.601795 0.262089
-0.0716432 -0.0624742 0.217242
-0.135019 0.0499254 0.187881
-0.331429 -0.247358 0.250787
-0.137957 -0.246549 0.186203
0.181754 -0.1561 0.272177
-0.216626 -0.0817289 -0.0726712
-0.218721 0.288123 0.00476981
0.190101 -0.168924 0.243988
0.172908 0.117073 0.119164
-0.187054 0.298906 -0.0714648
0.134441 -0.251598 0.309111
-0.101978 -0.569366 0.180308
-0.115421 -0.113442 0.0111453
-0.232489 -0.0155374 0.077781
-0.366511 -0.359183 0.00748673
-0.500796 -0.338865 0.0285579
-0.345764 -0.244124 0.254624
-0.261459 -0.180391 0.172881
-0.196127 -0.520984 0.2432
-0.0462964 0.00801064 0.394167
0.121966 -0.0253809 0.358705
0.15692 -0.536819 0.360937
-0.166027 -0.0827729 0.325786
-0.0722666 -0.108526 0.351078
-0.0682138 -0.580034 0.359942
0.0838388 -0.314033 0.448787
-0.131708 0.293055 0.210201
0.0952312 -0.0937471 0.413661
0.0325499 -0.294144 0.411418
0.229442 0.394231 0.385401
0.361361 0.0334414 0.475349
0.212847 0.202446 0.324377
0.348505 0.0305781 0.142476
0.299324 -0.230439 0.193326
0.362665 -0.0224055 0.248049
0.624939 0.00495637 0.350418
0.600549 -0.00191452 0.17757
0.157537 -0.0312481 0.0545193
0.520468 0.31993 0.0652666
0.70459 0.245678 0.188933
0.556977 -0.408813 0.262746
-0.105889 0.191373 -0.130444
0.199651 0.191313 -0.0857208
0.310808 0.119668 -0.159203
0.431121 0.159118 -0.0186792
0.278324 0.377329 -0.0380755
0.0897018 -0.0146706 -0.110945
-0.0513428 0.162801 -0.0265483
-0.0652976 0.286 0.128993
-0.134527 -0.233013 -0.314009
-0.142715 0.141884 -0.160244
0.13923 0.522423 -0.00804724
-0.0351624 0.00998157 -0.0346246
-0.130602 0.123764 0.0913096
-0.101429 0.381169 0.371014
-0.155138 0.345417 0.0410444
-0.0705552 -0.0989562 0.0309903
-0.0626527 0.193464 -0.0787591
0.0968227 -0.466858 -0.0675763
0.260625 0.130428 0.227799
-0.152281 0.35549 0.0982165
-0.497942 0.311318 -0.201212
-0.264228 0.624343 -0.00559761
0.187013 -0.131906 0.259555
-0.010805 -0.567658 -0.0761207
-0.274543 -0.129296 -0.182996
-0.330914 0.0662371 -0.0879988
-0.90539 0.0792327 -0.451324
-0.393381 0.531333 -0.113216
-0.708371 0.46434 -0.296054
-0.733555 0.498168 -0.103801
-0.489926 0.355388 0.0524562
-0.39687 0.513439 -0.234656
-0.691996 0.104281 -0.097114
-0.484058 0.584195 -0.119832
-0.52962 0.305578 -0.109594
-0.55055 0.23731 -0.222677
-0.5431 0.615207 -0.120107
-0.358518 0.565864 -0.0854404
-0.499839 -0.0850451 -0.376641
-0.312042 0.0450952 -0.0149898
-0.490161 0.586695 -0.12247
-0.180963 0.188909 -0.0207613
-0.544511 0.358099 0.135714
-0.637324 0.326548 0.0620068
-0.648138 -0.177187 0.0136724
-0.318155 0.550276 0.0151531
-0.577917 -0.109991 -0.337954
-0.496495 -0.177974 -0.20459
-0.263721 0.355576 -0.205173
-0.302712 0.156158 -0.137268
-0.187394 0.398242 -0.157729
-0.360424 0.167813 0.10915
-0.254843 0.0773495 0.288204
-0.651467 -0.00204666 -0.15463
-0.484131 0.115158 0.178124
0.0346442 -0.083369 0.3373
-0.692994 -0.0131514 0.135413
-0.675511 0.232613 -0.0173271
-0.335234 0.207493 0.201958
-0.401926 -0.231587 0.391528
-0.215588 0.307383 0.383119
-0.337355 -0.0318769 0.158545
0.0217771 0.292714 0.0980674
-0.144214 -0.092631 0.0912259
-0.26645 0.0540671 -0.0745868
-0.295542 -0.110626 -0.0972164
-0.267994 0.279538 0.133906
-0.365278 -0.140531 0.109488
-0.346357 0.23668 -0.0872134
-0.25614 0.606987 -0.199255
-0.541669 0.257597 -0.0459202
-0.456847 0.274456 -0.0565944
-0.615124 0.133358 -0.0296073
-0.760621 0.914406 0.192102
-0.399073 0.384441 0.210165
-0.338599 0.541963 0.407433
-0.227092 0.397238 0.28887
-0.310648 0.890693 0.0892415
-0.346249 -0.0523627 0.206819
-0.697145 0.184499 0.198585
-0.575648 0.464048 0.270742
-0.610426 1.0017 0.166218
-0.488511 0.846957 0.333085
-0.630221 0.776251 0.359909
-0.764033 0.415815 0.409968
-0.047873 0.802285 0.464784
-0.464775 0.828191 0.30492
-0.337734 0.604402 0.489059
-0.391313 0.558529 0.436722
-0.667592 0.649594 0.410012
-0.690566 0.538955 0.542379
-0.517149 0.404082 0.518162
-0.616479 0.277193 0.448682
-0.0586414 0.728945 0.423123
-0.228769 0.725085 0.540351
-0.334103 0.278562 0.500506
-0.9046 0.96182 0.420728
-0.367808 0.980345 0.43222
-0.642931 0.367593 0.53558
-0.60631 0.670774 0.466528
-0.728373 0.882554 0.545138
-0.717121 0.863113 0.670954
-0.407402 0.812056 0.652389
-0.559323 0.73287 0.61638
-0.85336 0.761039 0.775517
-0.888654 0.446465 0.73272
-0.511844 0.658246 0.645739
-0.798052 0.957406 0.571786
-0.644621 0.671008 0.746022
-0.743994 0.475356 0.643604
-0.393668 0.534571 0.842147
-0.646596 0.317049 0.886021
-0.605991 0.449715 0.923269
-0.406667 0.187276 0.82764
-0.304451 0.410898 0.816322
-0.128863 0.780598 0.708727
-0.360053 0.473899 0.652052
-0.38384 0.953165 0.720572
-0.469059 0.413617 0.678977
-0.225108 0.592062 0.599626
-0.289923 0.0233056 0.848976
0.125236 0.0170819 0.860898
-0.563795 0.323306 0.901779
-0.242605 0.507738 0.712045
-0.25655 -0.0770233 0.849982
-0.354201 0.137454 0.68777
-0.458891 0.194022 0.836576
-0.456703 0.363725 0.725117
-0.506339 0.387205 0.848987
-0.502689 0.291258 0.776485
-0.385778 0.368074 0.794973
-0.592128 0.422815 0.590798
-0.418861 0.604977 0.741357
-0.503826 0.753956 0.620197
-0.515861 0.588686 0.561939
-0.595355 -0.125618 0.865905
-0.677362 0.506174 0.702274
-0.685227 -0.00908269 0.797202
-0.562035 0.19014 0.904395
-0.62475 0.31905 0.82764
-0.479458 0.0807953 0.87933
-0.30308 -0.0424951 0.88826
-0.343563 0.253355 0.869247
-0.578748 0.357833 0.904821
-0.591509 0.433955 0.863091
-0.610412 0.300922 0.852929
-0.499877 -0.01015 0.836994
-0.659907 0.197298 0.900312
-0.492214 -0.351139 0.915649
-0.577936 0.260751 0.804257
-0.380725 -0.243689 0.900109
-0.564141 -0.282326 0.851709
-0.50047 -0.119817 0.941068
-0.480003 0.173431 0.931736
-0.688413 -0.0596314 0.847178
-0.754991 0.0412744 0.81963
-0.587142 -0.116294 0.839075
-0.645473 0.0815473 0.801551
-0.678503 -0.0749008 0.755805
-0.632992 0.325055 0.845885
-0.570887 -0.0774451 0.753755
-0.509281 -0.338146 0.864871
-0.735702 -0.0102391 1.05784
-0.52965 -0.437595 0.831744
-0.919651 0.0898873 0.997622
-0.620232 -0.052128 0.927984
-0.757343 0.0034681 0.971455
-0.89612 0.162079 1.10343
-0.865081 0.249463 1.05988
-0.667439 -0.346236 1.04642
-0.872861 -0.137457 0.899537
-0.878846 -0.00828022 0.868903
-1.04487 0.0353883 0.946415
-0.737063 -0.194975 0.887837
-0.982982 -0.0277172 0.969236
-1.15174 0.252882 1.04807
-0.871304 -0.865943 1.01127
-0.949024 -0.308418 0.929238
-0.824179 -0.472953 0.981167
-1.09135 -0.906031 0.97913
-1.15503 -0.395194 0.888844
-0.951622 0.409292 0.688831
-1.15902 -0.0811565 0.800944
-1.21715 0.172873 0.664315
-0.999903 -0.603479 0.853385
-1.11689 -0.252648 0.640683
-0.982512 -0.257237 0.770555
-1.00802 -0.182867 0.632165
-1.07206 -0.0358397 0.585507
-1.1746 -0.00685943 0.706472
-0.849876 -0.0433931 0.660439
-0.966295 -0.0922537 0.571406
-1.28485 0.264547 0.565988
-1.23575 -0.120934 0.654696
-1.10883 -0.153387 0.571255
-1.20961 -0.245587 0.58338
-1.14879 -0.573368 0.670589
-1.03983 0.0654979 0.503994
-0.908733 -0.271449 0.730157
-0.682182 -0.0898326 0.669805
-0.773707 -0.182899 0.66697
-0.951179 -0.309151 0.56944
-0.903394 -0.289644 0.523004
-0.725519 -0.159088 0.516451
-0.674969 -0.554278 0.392846
-0.59185 -0.146138 0.576339
-0.721919 -0.123623 0.597424
-0.738895 0.21882 0.775865
-0.608639 -0.411218 0.664526
-0.504132 -0.0110331 0.317294
-0.80263 0.139585 0.30652
-0.571998 -0.110489 0.490974
-0.844201 0.272554 0.243036
-0.572222 -0.175183 0.543665
-0.228226 0.294727 0.229997
-0.439854 -0.326385 0.332651
-0.462321 0.116796 0.226853
-0.538244 -0.0837837 0.276061
-0.758717 0.0555177 0.232298
-0.41977 -0.290743 0.357304
-0.363903 -0.107246 0.444577
-0.643505 0.198716 0.398445
-0.648344 0.198403 0.40688
-0.344417 0.0975782 0.234327
-0.40056 -0.084395 0.2535
-0.524922 -0.165307 0.26001
-0.438702 -0.278007 0.283699
-0.330079 0.470021 0.323487
-0.28375 0.125782 0.332056
-0.228 0.65936 0.238447
-0.317368 0.526132 0.372058
-0.0959927 0.278407 0.325044
-0.233129 0.042126 0.2791
-0.147277 0.110862 0.259231
-0.266684 0.122428 0.200029
-0.316872 0.243748 0.222546
-0.249685 0.0286995 0.34056
-0.131138 -0.00784643 0.395919
-0.365925 0.225293 0.206204
-0.151173 0.363905 0.1523
-0.679123 0.457083 0.0986263
-0.236597 0.32598 0.142664
-0.230725 0.0371107 0.0971672
-0.474684 0.566629 0.197582
-0.244513 0.236381 0.152914
-0.255724 0.284263 0.173383
-0.072837 0.477153 0.0332871
-0.533751 0.246454 0.0135916
-0.572299 0.35646 0.195284
-0.157404 0.23462 0.0650347
-0.426689 0.710067 0.0611703
-0.123283 0.797164 0.227881
-0.133402 0.337502 0.246766
-0.142286 0.369689 0.340623
-0.380935 0.640129 0.262457
-0.259427 -0.218839 0.191268
-0.307099 0.455425 0.234846
-0.104441 0.293146 0.476385
0.110302 0.361664 0.352332
0.0857883 0.45899 0.411765
-0.404211 0.792066 0.360792
-0.252286 0.634055 0.346258
-0.421367 0.220703 0.379269
-0.324185 0.136701 0.495711
-0.161745 0.114923 0.427995
-0.0557937 0.258059 0.768026
0.281671 -0.263301 0.896653
-0.433863 0.000781888 0.634651
-0.455183 -0.093415 0.586267
0.0298227 -0.312627 0.856341
-0.105989 -0.436159 0.873274
-0.583442 -0.355643 0.659426
0.0313789 -0.624134 1.34284
0.0505408 -0.743777 1.14507
-0.694914 -0.380464 0.877555
-0.066013 -0.724545 1.16084
-0.0408997 -0.873331 1.01424
-0.255275 -0.50763 0.925938
0.0638432 -0.485303 1.08652
-0.180415 -0.930476 1.10489
-0.085842 -0.167376 1.12669
0.112284 -0.799283 1.23118
-0.0578625 -0.772279 1.00406
-0.269276 -0.580526 1.29884
-0.339051 -0.757667 1.04713
-0.272475 -0.860717 0.95508
0.118916 -0.92768 1.12206
-0.337751 -0.719735 0.933521
-0.357168 -0.838037 0.986497
-0.291557 -0.646227 1.2331
-0.60334 -0.949378 1.11335
-0.426856 -0.973399 1.01311
-0.413293 -0.853528 1.20437
-0.625999 -0.900208 1.05945
-0.691356 -1.02476 0.985635
-0.693153 -0.669724 1.22519
-0.594126 -0.960667 1.37866
-0.914447 -0.749711 1.24771
-0.898482 -0.920961 1.16345
-0.897298 -1.10629 1.16824
-0.998154 -1.32506 1.31461
-1.09859 -0.891302 1.40272
-0.800194 -1.26367 1.43428
-0.510772 -1.19482 1.3271
-0.745171 -1.4508 1.36389
-1.12443 -1.18949 1.40989
-0.736935 -1.08044 1.34571
-1.25086 -1.07217 1.45951
-0.815179 -1.11091 1.45532
-0.814506 -1.39595 1.40773
-1.32318 -1.00804 1.39993
-1.02402 -1.17936 1.23869
-1.39716 -0.91678 1.36974
-1.2132 -1.01577 1.4258
-1.39184 -1.36603 1.35474
-1.39758 -0.996435 1.34181
-1.05148 -1.19025 1.3412
-1.31835 -0.983167 1.37645
-1.49125 -1.01646 1.45223
-1.37166 -1.23607 1.46708
-1.51455 -1.07633 1.40078
-1.61173 -0.772711 1.28303
-1.36407 -1.17171 1.44897
-1.39682 -1.36687 1.39686
-1.1084 -1.22342 1.50359
-1.19136 -1.34606 1.57805
-0.975261 -1.14529 1.40809
-1.17836 -1.58546 1.37925
-1.8152 -0.640701 1.32818
-1.58837 -0.76059 1.3384
-1.26831 -0.767886 1.55162
-1.45844 -0.762339 1.21811
-1.26915 -0.82025 1.47851
-1.26857 -0.967103 1.51594
-1.23308 -0.765501 1.49398
-1.27191 -0.720885 1.37637
-1.53879 -1.18139 1.32137
-1.37898 -1.05876 1.39008
-1.25916 -0.872623 1.18071
-1.33088 -0.778803 1.20586
-1.25024 -0.792945 1.22115
-1.41185 -0.452975 1.23399
-1.46543 -1.06401 1.3276
-1.12849 -0.790697 1.29929
-1.22706 -1.15483 1.31269
-1.32101 -0.394666 1.22729
-1.51665 -0.4709 1.07219
-1.39371 -0.848731 1.05048
-1.25407 -0.779562 1.08035
-1.20297 -0.748123 0.968544
-1.46263 -0.347446 1.01656
-1.21457 -0.61662 1.12744
-1.16484 -0.629401 1.08245
-1.29401 -0.0600242 1.03007
-1.27599 -0.784246 0.920389
-1.25396 -0.478133 1.05583
-0.964966 -0.370201 1.08066
-0.969495 0.00750948 0.862114
-1.33187 0.199788 0.684987
-1.02591 -0.202522 0.571331
-0.572859 -0.643366 0.76625
-0.896458 0.20329 0.843307
-1.13262 -0.0746802 0.59744
-0.965525 0.678906 0.59663
-0.624088 0.284002 0.821901
-0.961356 0.204682 0.440603
-0.578368 0.663619 0.428003
-0.560685 0.163546 0.778866
-0.505303 0.27265 0.52826
-1.14877 0.487386 0.063841
-0.348358 0.540513 0.498159
-0.471378 0.498686 0.524192
-0.970688 0.236285 0.337047
-0.258344 0.491578 0.638205
-0.762799 0.34041 0.09568
-0.318224 0.351048 0.372114
-0.364498 0.654767 0.455374
-0.686374 0.395226 0.0355377
-0.497502 0.776426 0.373237
-0.0862107 0.466184 0.373451
-0.725822 -0.317084 0.189425
-0.428944 0.0231562 0.226887
-0.11633 0.390524 0.389805
-0.68292 -0.0945052 0.0891318
-0.582208 0.291357 0.170558
-0.312344 0.135064 0.168449
-0.547939 0.207702 0.293944
-0.0165026 0.0687885 0.472094
-0.464497 -0.307179 0.509773
-0.47226 -0.363033 0.253422
-0.477431 0.175747 0.354407
-0.330587 0.617893 0.556919
-0.320247 0.309348 0.226911
-0.760731 0.446342 0.286694
-0.408896 0.139853 0.459643
-0.257924 -0.00808519 0.332874
-0.725314 0.175138 0.292488
-0.381282 0.214626 0.18325
-0.643187 -0.0892646 0.25841
-0.253919 -0.270222 0.320929
-0.568765 0.352169 0.44077
-0.32866 0.352399 0.392062
-0.170019 0.0541861 0.395126
-0.166445 0.00866032 0.542668
-0.641072 0.586211 0.266568
-0.719163 0.225299 0.332197
-0.121787 -0.468348 0.346887
-0.585178 0.078998 0.18864
-0.271003 -0.439051 0.266094
-0.58322 -0.0260498 0.128141
-0.511222 0.541652 0.140335
-0.486787 -0.00372225 0.007893
-0.63649 0.330329 -0.0895799
-0.589927 -0.0702812 0.150497
-0.523927 0.367859 0.12378
-0.788477 0.32586 0.014041
-0.566091 0.293941 0.232203
-0.648642 0.347791 0.0445331
-0.24919 0.23435 0.123353
-0.509182 0.139465 -0.00135013
-0.815485 0.307927 -0.125738
-0.453271 0.044837 0.152466
-0.142151 0.296679 0.189852
-0.643121 -0.101475 0.11488
-0.853812 0.0219823 0.0983786
-0.247711 0.618521 0.145009
-0.150994 0.0739938 0.115462
-0.635205 -0.00678239 0.0890897
-0.806377 0.199179 0.146412
-0.14018 0.227048 0.390255
-0.43902 -0.0235693 0.356842
-0.874965 -0.0952854 0.169988
-0.189391 0.517298 0.546469
-0.451745 0.39156 0.237725
-0.985859 0.282061 -0.162529
-0.180046 0.318598 0.39368
-0.481914 -0.158026 0.236009
-0.300531 -0.0664798 0.188323
-0.231691 0.224989 0.298395
-0.722798 -0.200278 0.027204
-0.0589889 0.0973734 0.152963
-0.947459 0.173981 -0.208881
-0.467067 0.547504 0.108695
-0.858805 0.329423 0.0466073
-0.902071 0.00237552 0.0369803
-0.458579 0.545437 0.144672
-0.827291 0.450479 0.181979
-0.548465 0.422297 0.444058
-0.639427 0.572994 0.330735
-1.07906 0.337527 0.284821
-0.976892 0.447767 0.220575
-0.536365 -0.116079 0.326329
-0.366361 0.118995 0.506101
-0.699729 -0.340078 0.47047
-0.569086 0.381436 0.657572
-0.731228 0.209399 0.2775
-1.10029 0.0819049 0.300821
-0.577393 0.310054 0.444057
-0.8807 0.0402762 0.317403
-0.801893 0.092429 0.155979
-1.1751 0.279226 0.369585
-0.841153 -0.209744 0.301883
-1.17482 0.0442145 0.0772806
-1.07242 0.148156 0.287994
-0.977528 0.137751 0.11213
-1.49629 -0.294135 0.0939308
-0.973485 0.181933 0.438386
-0.818998 0.138315 0.488984
-1.11947 0.366779 0.31976
-1.17163 0.0908096 0.250582
-0.583905 0.0162324 0.588947
-1.20143 0.214061 0.507069
-1.15833 0.127604 0.522779
-1.01791 -0.207219 0.666411
-1.65321 0.202586 0.33294
-1.17953 0.221754 0.381788
-1.03794 0.0842403 0.641376
-1.27922 0.288146 0.483918
-1.25441 -0.125141 0.678334
-1.3785 -0.00121379 0.703931
-1.36294 0.233355 0.528626
-1.4219 -0.144236 0.511567
-1.1746 -0.134879 0.702223
-0.857767 0.394059 0.724332
-1.12775 0.323612 0.542578
-1.04709 0.39395 0.750614
-0.770712 0.0995506 0.532968
-0.813588 0.207956 0.668987
-1.01819 0.212242 0.547051
-0.875461 0.254396 0.650193
-0.860786 0.156512 0.674794
-0.487436 -0.07802 0.750471
-1.03645 0.438779 0.718805
-0.473762 0.122786 0.784089
-0.766873 0.379185 0.778266
-0.750441 0.0187753 0.665735
-0.799659 0.0155305 0.797239
-0.823879 0.240066 0.551051
-1.00547 0.123168 0.688256
-0.940324 0.00129618 0.658976
-0.747074 0.0296016 0.702565
-0.859029 0.0533462 0.676797
-0.635616 0.142504 0.801906
-0.413892 -0.256672 0.836755
-0.643548 0.151419 0.821577
-0.73279 -0.206251 0.906509
-0.648103 -0.0109257 1.10398
-0.946066 -0.0863085 0.857371
-0.691533 -0.587648 0.993385
-0.605642 -0.428751 0.96164
-0.696191 0.0122798 0.939052
-0.604391 -0.240749 1.01231
-0.866889 0.109003 1.00482
-0.789696 -0.339388 0.937581
-0.587296 -0.0574072 0.779842
-0.722011 -0.136294 0.958843
-0.814951 -0.505364 0.970387
-0.338849 -0.215293 0.97031
-0.764315 -0.166349 1.056
-0.706419 0.423751 0.845373
-0.415451 -0.145469 0.807007
-0.698272 -0.0100786 0.708102
-0.586978 -0.322956 0.729478
-0.508006 -0.415811 0.808111
-0.676443 -0.14115 0.837375
-0.289581 -0.354205 0.906754
-0.123076 -0.521255 0.811722
-0.549639 -0.254022 0.676931
-0.42135 -0.0505606 0.625449
-0.177478 -0.113261 0.745912
0.0469699 -0.231009 0.94951
-0.188674 -0.308806 0.802482
-0.716505 -0.0143938 0.550472
-0.608158 -0.0580697 0.751974
-0.362721 -0.0779657 0.677494
-0.504558 -0.398154 0.406911
-0.582114 -0.194121 0.481616
-0.527975 0.250634 0.495465
-0.33596 -0.0460802 0.444606
-0.641175 -0.110436 0.351008
-0.48492 0.125721 0.332136
-0.202227 -0.308515 0.536584
-0.408652 0.0491528 -0.0580118
-0.310312 0.193458 0.134284
-0.301106 0.0410984 0.426285
-0.436229 0.0257145 0.232565
-0.446555 0.188409 0.0367493
-0.0598976 -0.0382216 0.30633
-0.124882 0.100284 0.282198
-0.638668 0.599632 0.0196157
-0.580685 0.124099 0.0968017
-0.115164 0.415045 0.206762
-0.416476 0.47749 0.384423
-0.130298 0.134794 -0.251964
-0.304401 0.837491 0.0349918
-0.172819 0.454386 0.260788
0.00950415 0.667276 0.0913027
-0.321609 0.103354 -0.00620211
-0.165205 0.532541 0.0549536
-0.250457 0.33496 0.176245
-0.253804 0.39003 0.165296
-0.181237 0.738869 0.306794
0.085286 0.306019 0.297651
-0.101782 0.342065 0.228331
-0.120541 0.14169 0.08299
-0.0700816 0.321 0.18205
0.109216 0.147162 0.193012
-0.00800903 0.180946 0.058886
0.0745462 0.0946221 0.165646
-0.211152 1.07159 0.192898
-0.177854 0.043096 0.0941909
-0.0687883 -0.379881 0.298465
-0.164898 0.323836 0.0968666
0.138515 -0.168718 0.256719
0.369072 0.1615 0.423934
-0.00487045 -0.359899 0.45628
0.0461153 -0.653872 0.206864
0.0378704 -1.19467 0.272332
0.334603 -0.251381 0.402382
0.0732591 1.50186 0.427139
-0.20298 0.904902 0.544113
-0.130964 -1.32897 0.35976
-0.122778 -0.661983 0.167999
0.348626 0.727645 0.0489434
0.429875 0.903453 0.368495
-0.286598 -0.184807 0.218815
-0.431631 -1.28599 -0.0931856
0.18468 -0.614372 0.0587825
0.733333 0.895414 0.389125
-0.146295 1.98735 0.404101
-0.392819 0.0211208 0.233478
-0.22058 -1.39062 0.154918
-0.0276298 -0.427112 0.44429
0.573436 1.58024 0.69414
0.451397 -0.0608144 0.538547
0.171704 -2.44408 0.222092
-0.00144488 -1.14017 0.208785
0.349314 0.380295 0.4702
0.410004 0.772829 0.468568
0.221905 -0.156752 0.358088
-0.1192 -0.872082 0.192138
0.140223 -0.0867746 0.383145
0.175842 -0.101791 0.32542
0.310288 -0.10425 0.364189
0.224954 0.193545 0.254676
0.230713 -0.773147 0.317454
0.287959 -0.723899 0.326601
0.139055 -0.00165895 0.414045
0.227851 0.233868 0.192981
0.435227 -0.570368 0.311202
-0.0293469 -0.641663 0.0935956
0.0185822 -0.299008 0.249502
0.579025 -0.296484 0.332752
0.38611 -0.548233 0.418124
0.298193 -0.836107 0.440327
0.226014 -0.655915 0.458796
0.264068 -0.673658 0.508521
0.27217 -0.746088 0.39457
0.427265 -0.379058 0.662665
0.329229 -0.426402 0.707464
0.253908 -0.242833 0.768179
0.347881 -0.18528 0.909878
0.385667 -0.425804 0.816817
-0.0975987 -0.122045 0.684038
-0.0101187 -0.33643 0.554146
0.170621 -0.690917 0.511655
0.266698 -0.496143 0.663141
0.217026 -0.257788 0.597913
0.303164 -0.471313 0.691282
0.331252 -0.464423 0.69278
-0.139745 -0.31293 0.614413
0.279246 -0.509933 0.618315
-0.150261 -0.230723 0.663812
0.139843 -0.193929 0.551221
0.251607 -0.459821 0.679454
0.264696 -0.416885 0.648694
0.0459711 -0.249966 0.70135
-0.0155016 -0.127278 0.595142
-0.147551 -0.348782 0.562818
0.171572 -0.309204 0.449566
0.00599795 -0.500981 0.773562
-0.179321 -0.626211 0.664096
-0.0295726 0.0766669 0.800303
-0.0436596 -0.218128 0.608134
-0.217639 -0.431705 0.65669
-0.0607251 -0.431334 0.714385
-0.00241056 -0.439161 0.673363
-0.0833663 -0.340008 0.863887
-0.152474 -0.250081 0.872068
-0.163331 -0.847592 0.888732
0.0859868 -0.259553 0.915587
-0.0250014 -0.727054 1.00615
-0.320043 -0.493505 0.907674
-0.692292 -0.409833 0.824476
-0.436018 -0.664424 0.902543
0.0772528 -0.461777 0.875473
-0.343065 -0.399604 0.997069
-0.878777 -0.711362 0.909034
-0.60831 -0.301191 1.01827
-0.821461 -0.151316 1.04617
-0.428423 -0.758993 0.979293
-0.49514 -0.738999 1.12311
-0.550029 -0.43873 0.937516
-0.824357 -0.282639 0.97729
-0.752335 -0.700832 1.04613
-0.532684 -0.517828 0.937062
-0.44695 -0.119597 0.885046
-0.596875 -0.24796 1.09029
-0.554929 -0.768344 1.08201
-0.848125 -0.118922 1.02659
-0.833235 -0.229288 1.0154
-0.494025 -0.460423 1.08816
-1.04537 -0.27285 1.14709
-0.725523 -0.577868 1.09644
-0.666835 -0.874295 1.10762
-0.832116 -0.513942 1.13793
-0.532425 -0.861719 1.28827
-0.431596 -0.658272 1.33539
-0.70801 -0.650743 1.27935
-0.777215 -0.627237 1.23094
-1.05321 -0.312888 1.39173
-0.787487 -0.476864 1.27957
-0.828533 -0.43643 1.3724
-0.78048 -0.93933 1.54582
-1.20204 -0.555633 1.42874
-0.828943 -0.406179 1.45828
-0.861142 -0.85477 1.42547
-0.694454 -0.677997 1.5124
-0.828052 -0.841084 1.35273
-1.06703 -0.444822 1.29779
-1.08102 -0.729679 1.37758
-0.811084 -0.496053 1.45228
-0.823305 -0.734307 1.47727
-0.737098 -0.404762 1.42513
-0.664588 -0.772644 1.52472
-0.876725 -0.510147 1.43363
-0.83043 -0.47665 1.42578
-0.572557 -0.44327 1.46803
-0.45933 -0.810193 1.60748
-0.730194 -0.547722 1.60232
-0.829847 -0.313508 1.43213
-0.802609 -0.566133 1.49166
-0.702799 -0.498568 1.35865
-0.841149 -0.619968 1.56588
-0.989519 -0.530113 1.64854
-0.764487 -0.821339 1.65505
-0.749814 -0.593826 1.58378
-0.660881 -0.405443 1.51937
-0.693898 -0.449823 1.57132
-0.682683 -0.457198 1.56596
-1.06417 -0.129686 1.49027
-0.649708 -0.704008 1.51325
-0.667426 -0.509291 1.58853
-0.87887 -0.606623 1.49482
-0.563662 -0.575572 1.62078
-0.682395 -1.11477 1.56393
-0.821775 -0.586722 1.68718
-0.321546 -0.695111 1.64888
-0.605034 -0.658252 1.52272
-0.594683 -0.888623 1.46928
-0.545484 -0.298979 1.57068
-0.616638 -0.337203 1.65769
-0.477919 -0.889753 1.6724
-0.601592 -0.331092 1.82596
-0.700183 -0.149164 1.66645
-0.482869 -0.409853 1.41659
-0.502386 -0.542895 1.38177
-0.733451 -0.209958 1.3769
-0.283391 -0.758614 1.50106
-0.63863 -0.505605 1.43197
-0.678333 -0.257196 1.25648
-0.636413 -0.0564948 1.47182
-0.826379 0.0950045 1.32122
-0.663596 -0.296031 1.1874
-0.659522 -0.300106 1.15057
-0.471154 -0.547225 1.14457
-0.354725 -0.663947 1.29416
-0.674725 -0.718333 1.06873
-1.12217 -0.747959 0.963185
-0.944809 -0.244519 0.918192
-1.11078 -0.404464 1.02348
-0.710299 -0.258942 0.897076
-0.685662 -0.637522 0.87324
-0.84199 -0.547959 0.706629
-0.686675 -0.480273 0.750116
-0.202631 -0.549386 0.779755
-0.67017 -0.640892 0.709034
-0.612182 -0.273878 0.49998
-0.996745 -0.567436 0.463672
-0.857284 -0.30522 0.544022
-0.505981 -0.121625 0.698785
-0.803549 -0.177834 0.487487
-0.636207 0.0092062 0.369194
-0.407375 -0.220895 0.493793
-0.204737 -0.347361 0.53952
-0.997755 -0.243802 0.442213
-0.886742 0.00299251 0.435652
-0.390314 -0.650648 0.423303
-0.592652 -0.115908 0.506224
0.267483 -0.156082 0.469188
-0.839949 -0.049265 0.414136
-0.492977 0.110291 0.536567
-0.371782 -0.185683 0.449004
-0.400313 0.109493 0.373589
-0.267045 -0.173355 0.49683
-0.307646 -0.134052 0.135579
-0.171878 0.0939431 0.353623
0.00511866 -0.0175716 0.261298
-0.213974 -0.232474 0.324128
0.193519 0.114489 0.265125
0.110249 -0.0173942 0.271836
0.0713809 0.0871647 0.225707
-0.17778 -0.01217 0.0644246
-0.11845 -0.241497 0.112811
0.157085 -0.0687365 0.221528
0.402239 0.301121 0.173194
0.0646868 -0.262555 0.1293
0.122781 0.0724749 0.303109
0.134442 0.0219765 0.271106
0.395543 0.106871 0.176704
-0.0563943 0.488475 -0.0450211
0.0671498 -0.0302672 0.0380287
0.0202862 0.0219079 0.00625442
-0.014566 0.45379 0.118187
0.213854 0.0438077 0.179473
0.0856419 0.653486 0.219813
0.0945387 0.304837 0.194214
0.296315 0.288964 -0.00178048
0.342937 0.352023 0.0652737
0.0847577 0.339953 0.170288
0.088739 0.103259 0.187479
0.0704751 0.290962 0.258683
-0.176271 0.356887 0.135625
-0.123086 0.162349 0.118948
0.321975 0.246321 0.0887008
-0.0855248 0.31747 0.0877673
0.223269 0.278054 0.126837
0.197409 0.169768 0.157316
-0.0313917 0.324522 -0.0230776
-0.0300298 0.534235 0.134492
-0.307198 0.41624 0.0979701
0.421175 0.169866 0.303455
0.166745 0.330728 0.185361
-0.517491 0.643483 0.148127
0.26792 0.173523 0.328899
0.285127 -0.0688281 0.470054
-0.0296697 0.44991 0.462814
-0.392944 -0.238497 0.181092
-0.464442 0.308359 0.173555
-0.159671 0.156296 0.313635
-0.35046 0.184808 0.202074
-0.473668 -0.0127497 0.274052
-0.0637762 0.185893 0.470344
0.0862221 -0.0551114 0.433913
-0.280194 0.0245283 0.106216
-0.475884 0.170698 0.528118
-0.114101 0.180357 0.570394
-0.888808 0.274797 0.449116
-0.252309 0.156616 0.605009
-0.00938495 -0.0623283 0.936397
-0.686152 0.188897 0.325511
-0.31757 -0.319144 0.524001
-0.156348 -0.0833758 0.916848
-0.463669 -0.373198 0.680108
-0.620215 0.0391534 0.647962
-0.294206 -0.0984709 0.872734
-0.630942 -0.377202 0.693284
-0.974815 0.559382 0.936799
-0.758522 0.152528 0.954378
-1.11583 -0.34339 1.02089
-0.609459 -0.0482151 1.14432
-0.739036 -0.573169 1.29801
-1.23511 -0.433551 1.16155
-0.992653 -0.17605 1.23036
-0.916653 -0.612638 1.49505
-1.14568 -0.858254 1.30216
-1.27761 -0.541929 1.30583
-0.85432 -0.842813 1.78016
-1.33763 -1.28053 1.40266
-1.16993 -1.02523 1.74362
-1.53766 -0.793447 1.37427
-1.2485 -1.00357 1.93536
-1.42946 -0.954395 1.89433
-1.30847 -1.10773 1.87314
-1.39194 -0.979412 1.83965
-1.35035 -0.93955 1.84696
-1.51631 -1.1137 1.90539
-1.71828 -1.15147 1.96415
-1.38461 -1.22402 2.05773
-1.70356 -1.33836 2.01769
-1.682 -0.99262 2.11834
-1.24045 -1.51425 2.31547
-1.71845 -1.19449 2.16858
-1.95067 -1.50003 1.973
-1.84422 -0.910581 2.16218
-1.73757 -1.4148 2.0491
-1.73004 -1.35406 2.17423
-1.84132 -1.55321 2.25035
-1.81009 -1.22201 2.3358
-1.3908 -1.70605 2.30662
-1.86799 -1.59207 2.11451
-1.70355 -1.75998 2.12737
-1.80996 -1.53026 2.05776
-1.76825 -1.57076 2.07659
-1.61424 -1.61683 2.18582
-1.89333 -1.56926 1.95976
-1.49752 -1.5818 1.99138
-1.56247 -1.56021 2.09768
-1.35138 -1.67709 2.14485
-1.44424 -1.69746 2.1238
-1.28309 -1.79018 2.08744
-1.53016 -1.60247 2.07539
-1.84204 -1.93906 1.93883
-1.82367 -1.36967 1.68444
-1.48562 -1.39341 1.9775
-1.7003 -1.58822 1.7909
-1.62625 -1.3545 1.67526
-1.76839 -1.33932 1.62817
-1.63191 -1.59844 1.59331
-1.60423 -1.46149 1.40345
-2.07065 -1.01879 1.23972
-1.75604 -1.36491 1.26421
-0.969543 -1.19084 1.49309
-1.62079 -1.17567 1.11359
-1.80301 -1.12767 1.12437
-1.23153 -1.28534 1.42349
-1.16035 -1.35179 1.28504
-1.60119 -1.35673 0.985777
-1.447 -1.02597 1.05378
-1.10813 -1.333 1.18983
-1.27382 -1.30822 1.02042
-1.51416 -0.94555 0.805391
-0.724786 -1.17732 1.26972
-0.78032 -0.990142 1.14637
-1.09944 -0.998737 0.753999
-1.12336 -0.916713 0.847702
-0.688244 -1.0281 1.05213
-0.45382 -0.634005 0.874435
-1.06883 -0.598985 0.671743
-0.835368 -1.08332 0.811188
-0.725974 -1.03308 1.06064
-0.532124 -0.665604 0.905631
-0.882054 -0.217213 0.566271
-0.694896 -0.996531 0.500363
-0.800233 -0.820768 0.75694
-0.257209 -0.670815 0.824769
-0.606062 -0.566994 0.865373
-0.483703 -0.284103 0.537852
-0.543355 -0.681185 0.69315
-0.74802 -0.110867 0.694135
-0.784272 -0.429014 0.594233
-0.341766 -0.314653 0.455143
-0.528721 -0.314563 0.544473
-0.458533 -0.427123 0.715276
-0.644349 -0.114203 0.582476
-0.715589 -0.243196 0.450857
-0.69984 -0.228426 0.363033
-0.472571 0.136002 0.353071
-0.54369 0.0262 0.37954
-0.416088 0.193712 0.478734
-0.558577 0.258194 0.504702
-0.158779 0.164355 0.494097
-0.552202 0.128357 0.321653
-0.293891 0.128585 0.393708
-0.446475 -0.173812 0.390947
-0.554724 -0.222795 0.322571
-0.437592 -0.0535283 0.556843
-0.27531 -0.181206 0.596794
-0.143184 -0.0347163 0.508203
-0.34046 0.572995 0.416887
-0.516176 0.14308 0.299468
-0.716813 0.240594 0.236301
-0.445959 0.245863 0.339613
-0.463176 0.50784 0.396972
-0.519979 -0.20834 0.497778
-0.46165 0.342106 0.445711
-0.493195 -0.067957 0.436964
-0.39828 0.198174 0.554216
-0.487539 0.158437 0.265323
-0.528844 -0.463053 0.201806
-0.324874 -0.236719 0.206507
-0.485635 0.422826 0.275232
-0.151263 0.0958379 0.206294
-0.510996 0.535234 0.281077
-0.378986 -0.179272 0.198825
-0.574678 0.645177 0.217341
-0.297583 0.0248347 0.104336
-0.527399 0.281049 0.136414
-0.359867 0.403835 0.0218732
-0.361497 0.175376 0.125463
-0.529161 0.385001 0.234289
-0.489231 0.463639 0.367711
-0.645717 0.183316 0.390107
-0.268824 -0.00135962 0.340252
-0.308222 0.733062 0.295438
-0.445676 0.538789 0.236444
-0.0711185 0.427393 0.301235
-0.35688 0.338735 0.358212
-0.311299 0.717874 0.361662
-0.0739246 0.00414922 0.576546
0.0665661 0.225904 0.60106
0.199717 0.115033 0.671916
-0.269132 0.494389 0.579534
0.040865 0.756468 0.506673
-0.0269808 0.571997 0.3843
0.283934 0.398264 0.460855
0.0844188 0.224116 0.523671
0.155112 0.494335 0.48949
-0.128072 0.243607 0.589636
-0.182202 0.418875 0.508008
0.0804907 0.365227 0.648875
-0.164495 0.7078 0.473495
-0.208225 0.423405 0.487644
0.186019 0.0464844 1.06898
0.182374 -0.105435 0.932105
-0.263245 0.188194 0.59833
0.243285 0.454113 1.15666
-0.290245 0.149771 0.974633
-0.35761 0.587042 0.590094
0.161151 -0.0642566 1.0794
-0.371855 -0.0266098 0.839636
-0.219575 0.447431 0.908169
-0.561229 0.120749 0.954147
-0.625877 -0.0887638 1.14821
-0.273351 0.0569002 1.04829
-0.570162 -0.211247 0.908941
-0.0200173 -0.319554 1.4353
-0.830893 0.076217 0.962823
-0.19924 -0.443109 1.3016
-0.716274 0.0708873 1.26373
-0.104683 -0.33609 1.68559
-1.23088 -0.224705 1.12866
-0.383886 -0.779135 1.60778
-0.875827 -0.548049 1.42304
-0.958077 -0.454179 1.47527
-0.910617 -0.721175 1.47406
-1.07543 -0.512684 1.69333
-0.948442 -0.7267 1.58621
-1.14766 -0.918261 1.51187
-1.32808 -0.979015 1.94135
-1.68159 -0.785648 1.45118
-1.54915 -0.494637 1.64147
-1.52022 -0.980057 1.75416
-1.45551 -1.148 2.03389
-1.81315 -0.989181 1.85792
-1.58259 -0.806779 1.88784
-1.89539 -1.33619 1.98835
-1.49904 -0.893193 2.16999
-1.81522 -1.23638 1.91226
-1.90457 -1.62187 2.13379
-1.87259 -1.58168 2.31117
-2.17999 -1.25546 2.33798
-2.19073 -1.23339 2.08632
-2.05703 -1.38826 2.18364
-2.07928 -1.09472 2.2746
-1.90348 -1.49622 2.30544
-2.00696 -1.53832 2.30614
-2.25174 -1.08721 2.32958
-2.21947 -1.31081 2.35291
-1.90679 -1.53976 2.25233
-1.85461 -1.44121 2.38104
-1.65944 -1.53809 2.32258
-1.7844 -1.54326 2.21909
-1.5852 -1.58231 2.44292
-1.65969 -1.57895 2.40237
-1.53629 -1.354 2.24931
-1.76668 -1.50377 2.12544
-1.8144 -1.45279 2.15834
-1.63048 -1.26336 2.21143
-1.76916 -1.38548 2.0585
-1.39205 -1.09993 2.26621
-1.23181 -0.885263 2.27297
-1.37445 -0.653995 2.15749
-1.17355 -0.866476 2.27865
-1.72705 -1.06767 2.10734
-1.40255 -1.06284 1.97803
-1.31023 -1.05476 2.06183
-1.48356 -1.21726 2.0354
-1.24367 -1.00074 1.89413
-1.44225 -0.964082 1.65193
-1.38756 -1.26832 1.54245
-1.35366 -1.03383 1.46282
-1.50041 -0.912196 1.35339
-1.4788 -0.694349 1.19471
-1.25779 -0.616304 1.45149
-1.25105 -0.651843 1.56677
-1.42527 -0.793823 1.26453
-1.15595 -0.828842 1.22242
-0.828476 -0.422594 1.45376
-1.1043 -0.775443 1.00003
-1.5036 -0.423729 0.862713
-1.05015 -0.403107 1.18142
-1.35385 -0.153016 0.757844
-1.15132 0.0396292 0.854292
-0.510029 -0.41003 0.837663
-1.09607 -0.0682835 0.442205
-0.708544 -0.16909 0.806745
-0.787129 0.276305 0.693633
-0.851239 0.089586 0.383356
-0.755787 0.35899 0.595887
-0.554957 0.119438 0.707492
-0.964471 0.0617039 0.423401
-0.703229 0.369919 0.709182
-0.709369 0.501159 0.473558
-1.10084 0.428787 0.299491
-0.313842 0.655882 0.479442
-0.690181 0.446768 0.368375
-0.733179 0.427804 0.421248
-0.551842 0.689531 0.381696
-0.56336 0.573621 0.539371
-0.837512 0.617889 0.33627
-0.511296 0.853972 0.375739
-0.428896 0.564091 0.555707
-0.783551 0.965679 0.376948
-0.337399 1.01189 0.328125
-0.775245 0.653182 0.407794
-0.59845 1.16188 0.387984
-0.234499 0.316056 0.448288
-0.0755184 0.071665 0.484853
-0.151807 0.271924 0.59276
-0.552916 0.360985 0.417949
-0.743496 0.166046 0.139503
-0.300604 0.294582 0.322038
-0.533732 0.0601728 0.218634
-0.523159 -0.0393426 0.3921
-0.486395 -0.0228256 0.432778
-0.32599 0.0836289 0.251146
-0.703668 -0.109098 0.208573
-0.434395 0.141602 0.226805
-0.307098 -0.283141 0.0310875
-0.462433 0.195381 0.181546
-0.2652 -0.0154298 0.202307
-0.599773 -0.0302203 0.174119
-0.591093 0.31299 0.249523
-0.26808 -0.0231497 0.25826
-0.679226 -0.173771 0.464193
-0.618239 0.0302054 0.421878
-0.541905 0.199356 0.27042
-0.648808 0.181244 0.245639
-0.405358 0.130308 0.29666
-0.484564 0.178192 0.375432
-0.107432 0.303329 0.385137
-0.21651 0.449998 0.390554
0.0659436 0.624135 0.241127
-0.0725109 0.138172 0.221687
-0.00684391 0.444499 0.10961
-0.15571 0.391873 0.0620349
-0.2407 0.519783 0.0438005
-0.245042 0.837747 0.16134
-0.0448334 0.173003 0.209174
-0.341727 0.387919 0.151545
-0.321919 -0.0315209 0.156887
0.0474107 0.280398 0.29789
0.039004 0.339254 0.285178
-0.338859 0.0850021 0.227148
-0.302242 0.202564 0.33026
-0.224257 0.395143 0.512947
-0.0824578 -0.148039 0.303526
-0.594915 -0.079626 0.346492
-0.19142 0.331178 0.455105
-0.313151 0.165429 0.359785
-0.550913 -0.0131555 0.332796
-0.364306 0.248036 0.330134
-0.623226 0.369798 0.709737
-0.461161 -0.428467 0.508729
-0.267449 0.0595435 0.906174
-0.718502 -0.314031 0.586813
-0.891737 -0.145492 0.680287
-0.236538 -0.105702 1.03508
-0.585219 -0.703211 0.733452
-0.738476 -0.193177 0.9952
-0.69349 -0.324076 0.866235
-1.18759 -0.561744 0.897363
-0.724374 -0.366174 1.04241
-0.70526 -0.715836 1.21139
-0.840972 -0.674495 1.14413
-0.806602 -0.499905 0.990928
-1.21727 -0.755731 1.39642
-1.40779 -0.684223 1.10166
-0.962407 -0.827846 1.57965
-1.35178 -0.979625 1.51001
-1.22045 -1.18861 1.74865
-1.44948 -1.08592 1.68546
-1.2837 -1.50411 1.90909
-1.73185 -1.0387 1.88448
-1.53152 -1.25537 1.98167
-1.4542 -1.36264 1.86752
-1.50793 -1.50906 1.97958
-1.73802 -1.31444 1.93374
-1.33832 -1.75202 2.28471
-1.77391 -1.88461 2.21868
-1.85692 -1.70813 2.24508
-1.56424 -1.73982 2.56688
-1.74262 -1.87286 2.40878
-2.00774 -1.87887 2.19572
-1.50152 -2.10351 2.57562
-1.8227 -1.9563 2.49091
-1.80158 -2.08141 2.48854
-1.93164 -2.01297 2.58017
-1.49144 -2.21728 2.54764
-2.21295 -2.0754 2.35362
-1.98047 -1.79092 2.42833
-1.78844 -2.01089 2.6699
-1.94341 -2.50322 2.6935
-1.86774 -1.80363 2.5111
-1.94652 -2.37441 2.4811
-1.79446 -1.78966 2.55243
-1.74489 -1.90592 2.58259
-1.8109 -2.17849 2.57516
-1.62177 -1.76513 2.49293
-1.42489 -2.2487 2.44451
-1.42673 -1.59421 2.47296
-1.86162 -1.65773 2.29662
-1.93848 -1.99696 1.95791
-1.64305 -1.50552 2.10787
-1.57273 -1.93299 1.9546
-1.98282 -1.94939 1.50915
-1.50225 -1.2612 1.68878
-1.70464 -1.78298 1.67034
-1.86405 -1.41587 1.18404
-1.46412 -1.22974 1.42256
-1.64394 -1.32805 1.36182
-1.80446 -0.751828 1.30431
-1.34969 -1.21917 1.10239
-1.3371 -0.606619 1.24368
-1.69632 -0.808703 0.834835
-1.50288 -0.625868 0.877309
-0.874203 -0.947649 1.11057
-1.40318 -0.504638 0.645593
-1.24639 -0.33337 0.697241
-0.920175 -0.447119 0.715945
-0.726388 -0.880752 0.942082
-0.995067 -0.52242 0.474977
-0.989019 0.145853 0.815892
-0.552593 -0.379015 0.602291
-0.815802 0.229435 0.54467
-0.400602 0.232517 0.550557
-0.0721687 0.061268 1.0042
-0.868689 -0.102926 0.20943
-0.727612 0.330818 0.665556
-0.322614 0.558412 0.521757
-0.475898 0.0337522 0.40775
-0.0227292 0.257006 0.573099
-0.285954 -0.159581 0.351443
-0.392175 0.525069 0.3426
0.31116 -0.00578644 0.66791
-0.335805 0.0950243 0.506598
-0.158717 0.179972 0.35664
0.243474 0.207805 0.294287
-0.0559943 -0.304396 0.313996
0.215285 0.0425081 0.334566
0.528398 -0.0198462 0.509563
0.0812061 -0.119002 0.327413
0.0477673 0.18795 0.415307
0.0761447 0.142789 0.228775
-0.432314 0.436918 0.124574
-0.253719 0.39454 0.494792
-0.195255 0.580411 0.516874
-0.180277 0.527702 0.297372
0.14827 0.218535 0.467066
0.00282196 0.179523 0.28913
-0.266171 0.482701 0.0894008
-0.0966915 0.503463 0.175895
-0.220078 0.648654 0.00772226
-0.0766257 0.176719 -0.0910485
-0.0996656 0.242539 0.096949
-0.0545941 0.691662 0.0195162
-0.0223957 0.65636 0.373257
0.165678 -0.00600745 0.436699
0.0426595 -0.129596 0.433387
0.0917159 0.133789 0.469495
0.0502914 0.76311 0.243876
-0.277096 0.523419 0.305883
0.0313114 0.438967 0.385022
0.232516 0.0777758 0.375318
0.268033 0.1024 0.292564
0.161846 0.209719 0.383635
0.0234103 0.268451 0.129975
0.218836 0.148411 0.167375
0.0420984 0.601912 0.220868
-0.357751 0.228855 0.226062
-0.16838 0.226721 0.32186
-0.502505 0.434638 0.337167
-0.68474 0.322368 0.189835
-0.663735 0.462201 0.149859
-0.753964 -0.0652191 0.223671
-0.952483 0.505803 0.151487
-1.06686 0.187181 0.0805817
-1.0681 0.100364 0.297208
-0.835764 0.537253 0.373044
-1.34631 0.10204 0.193993
-1.17704 -0.272567 0.138548
-0.802163 -0.0480207 0.334131
-1.27791 0.29428 0.360783
-1.28558 0.00503716 0.223017
-0.925777 -0.314393 0.651978
-1.77306 0.181701 0.421523
-1.77407 -0.286911 0.462631
-1.07965 -0.293214 0.939859
-2.07012 -0.182975 0.527764
-1.50068 -0.31522 0.939121
-1.35344 -0.530643 0.88294
-1.7144 -0.829552 0.85105
-1.47773 -0.975283 1.1743
-1.30409 -0.979675 1.08191
-1.49459 -1.04443 1.17746
-1.63334 -1.07449 1.15591
-1.16625 -0.979098 1.26056
-1.51803 -1.01371 1.17198
-1.21652 -0.74333 1.63948
-1.24839 -1.74712 1.43262
-1.17441 -1.3522 1.73529
-1.31682 -1.40815 1.94306
-1.73902 -1.23476 1.66601
-1.61364 -1.36201 2.03107
-1.61716 -1.61971 1.77443
-1.68824 -1.59997 2.07174
-1.71517 -1.81727 1.9384
-1.52138 -1.68114 2.09424
-1.5335 -1.75999 2.38221
-1.5035 -1.9324 2.02178
-1.86791 -2.41605 2.19147
-2.07986 -1.91498 2.17097
-2.14875 -2.43278 2.15747
-2.24565 -1.87209 2.18086
-1.88094 -2.46932 2.27487
-2.16642 -2.21563 2.25672
-2.36744 -2.14831 2.25144
-2.09036 -2.10631 2.31586
-2.0794 -2.50333 2.34002
-2.06695 -2.36268 2.27959
-2.0447 -2.12147 2.39952
-2.03196 -2.34898 2.3054
-2.20835 -2.31031 2.25953
-2.16556 -2.16484 2.31191
-2.07208 -2.29567 2.10662
-1.8712 -1.75515 2.13162
-2.15221 -2.0201 2.20791
-1.91953 -2.37892 2.4456
-1.69725 -2.17636 2.46676
-1.53674 -2.40406 2.16635
-1.94271 -1.73635 2.0594
-1.73783 -2.1009 2.21941
-1.894 -1.53059 1.8692
-2.12722 -2.13246 2.01875
-2.10325 -1.60007 2.29451
-2.24185 -1.99433 1.80977
-2.40241 -1.59912 1.9241
-2.41993 -1.47367 1.64615
-1.65034 -1.64041 2.2804
-2.44083 -1.70269 1.37817
-1.4832 -1.17534 2.16027
-2.31311 -1.2071 1.47987
-2.02726 -1.14467 1.56722
-1.97487 -1.32926 1.80589
-1.84026 -1.33189 1.46002
-1.641 -0.90554 1.69377
-2.04969 -1.10283 1.12442
-1.23505 -0.795778 1.89164
-1.79523 -0.714994 1.21596
-1.40456 -0.178771 1.6082
-2.43095 -0.234603 0.772721
-1.35122 -0.0978764 1.23993
-1.83302 -0.340883 0.720102
-1.76817 -0.0982406 0.873094
-1.53463 0.448312 1.01251
-1.30897 -0.215927 1.11201
-1.84629 -0.136651 0.626324
-1.41566 0.174241 0.71807
-1.18477 -0.00147593 0.898467
-1.57465 0.238081 0.573225
-1.37248 0.204801 0.745973
-1.14083 0.40067 1.05152
-1.19037 0.185151 0.535787
-1.23547 0.507594 0.707576
-1.04545 0.395699 0.835687
-1.44313 0.601541 0.534302
-1.75974 0.569363 0.36148
-1.32304 0.345708 0.744682
-0.947484 0.558802 0.890356
-1.09823 0.384261 0.616789
-1.12936 0.327999 0.496401
-1.02099 0.277645 0.641364
-0.65914 0.365383 0.642688
-1.11658 0.745091 0.506645
-0.894441 0.476001 0.537318
-0.762432 0.580602 0.700786
-0.777162 0.466302 0.614079
-0.889351 0.377132 0.538067
-0.726541 0.657768 0.581243
-0.47763 0.759834 0.525845
-0.400318 0.4382 0.584532
-0.291367 0.180731 0.588282
-0.144381 0.318993 0.586723
-0.312108 0.828538 0.668606
-0.318978 0.349207 0.58031
-0.603282 0.638489 0.644267
-0.106996 0.602763 0.608256
-0.0442811 0.606907 0.587808
-0.253849 0.329973 0.68863
-0.185346 0.316299 0.740431
-0.159185 0.79047 0.82129
-0.242384 0.567388 0.858934
-0.254913 0.391102 0.915984
-0.011487 0.42089 0.89904
-0.0279706 0.270835 0.855015
-0.243737 0.564997 0.545054
-0.00691707 0.587759 0.806873
-0.27817 0.645086 0.801471
-0.222361 0.548066 0.792915
-0.1148 0.578898 0.833216
-0.172139 0.393144 0.656094
-0.372036 0.227101 0.806987
-0.0517491 0.284261 0.915509
-0.225873 0.365473 1.05734
-0.230362 0.556395 0.891953
-0.36911 0.693065 0.997116
-0.36653 0.0435504 0.909941
-0.156299 0.00949382 1.18744
-0.280529 0.760923 1.14492
-0.805665 0.456536 0.998349
-0.580931 0.0200755 1.13635
-0.330594 0.00159211 1.1379
-0.0556553 0.134065 1.2977
-0.483661 0.745316 1.16018
-0.972751 0.1035 1.15099
-0.918476 0.180783 1.13765
-0.849928 0.273489 1.19975
-0.944027 0.29017 1.15523
-1.0367 -0.226121 1.11434
-1.48467 0.13229 0.993296
-1.38355 0.516022 0.812304
-1.42202 0.530299 0.92565
-1.44647 0.600496 0.861103
-1.79665 0.850473 0.922086
-1.44898 0.634572 1.0358
-2.02024 1.31676 0.790518
-1.69729 0.327315 0.984857
-1.66441 0.861396 0.840747
-1.82244 0.879706 0.75548
-1.67215 0.293749 0.842005
-1.41117 0.75457 0.951525
-1.8191 1.7628 1.09527
-1.64427 0.933448 1.52861
-1.51518 0.785964 1.25013
-1.9946 1.2526 0.754669
-1.27647 2.6516 1.18874
-1.537 2.12106 0.803235
-2.18745 1.17034 0.622042
-1.81305 1.47674 0.698439
-1.35474 2.52405 0.969017
-1.39382 2.02394 0.74135
-1.10753 1.42867 1.07024
-1.43211 0.247422 0.572324
-1.17972 1.06809 0.793138
-1.74509 1.82175 0.0780224
-0.118636 0.981803 1.29553
-1.23681 0.614991 0.385097
-0.785495 0.680223 0.859504
-0.253692 0.783426 0.844796
-1.24815 0.790293 0.218164
0.0267901 0.659399 1.16257
-0.889523 0.295644 0.106641
-0.430178 1.00445 0.819415
-0.42614 0.456893 0.5565
-0.120078 0.521604 1.11809
-0.0753635 0.714246 0.645476
-0.177569 0.630899 0.511054
-0.106196 0.142031 0.145337
-0.0814641 0.534277 0.233288
-0.0572799 0.0416703 0.291773
-0.144191 0.702682 0.217731
0.145348 0.187691 0.292176
0.313981 0.141283 0.543034
-0.301585 0.356688 0.0536272
-0.106656 0.535595 0.259454
0.0614447 0.127778 0.285844
-0.359002 0.211729 0.163079
0.107026 0.536406 0.334378
0.0096932 0.52946 0.182289
0.0238685 0.424204 0.483918
0.127463 0.423078 0.335218
0.0880405 0.323908 0.345886
-0.194355 0.391389 0.283266
-0.0988872 0.126972 0.299246
0.117013 0.173458 0.148268
-0.161091 0.569338 0.292474
0.0390056 0.367247 0.369917
0.157789 0.298054 0.403755
0.218914 0.185567 0.429701
-0.0367257 0.255312 0.297373
-0.154655 0.00207356 0.252723
0.11206 -0.263879 0.304259
-0.0234144 0.395565 0.367432
0.0652122 -0.153539 0.353999
-0.109955 0.147527 0.473245
0.231425 0.414485 0.644259
-0.0909897 0.585395 0.478152
0.0474843 -0.63478 0.455375
-0.161904 -0.0543205 0.682637
-0.479673 -0.308792 0.31519
-0.533442 0.0925311 0.381545
-0.176906 -0.330248 0.419392
-0.496887 -0.428254 0.413281
-0.403651 -0.364215 0.692758
-0.83097 -0.453702 0.38444
-0.69762 -0.681245 0.717701
-1.08991 -0.718424 0.453713
-0.649099 -0.458486 0.837404
-1.40033 -0.807269 0.503699
-0.771691 -0.885553 0.959521
-1.12346 -0.69447 0.83241
-0.995072 -0.57166 0.871873
-1.16143 -0.681801 0.932433
-1.29363 -1.14748 0.904672
-1.14182 -1.37154 0.908191
-1.06876 -0.974379 1.1021
-1.54996 -0.887576 0.964285
-1.03246 -1.11638 1.05212
-1.22404 -1.52065 1.35963
-1.84924 -1.2667 1.00107
-1.58317 -1.10047 1.34669
-1.51552 -1.41501 1.516
-1.40854 -1.90521 1.53413
-1.17108 -1.40769 1.68268
-1.84959 -1.08884 1.40001
-1.66402 -1.70811 1.44532
-1.31023 -2.03694 1.7283
-1.98793 -1.79437 1.70323
-2.22725 -1.21193 1.33614
-1.55633 -1.79711 1.81157
-1.7621 -1.94137 1.79842
-2.2086 -1.7129 1.60059
-1.63274 -1.51697 1.9775
-2.17234 -1.67245 1.91572
-2.77066 -1.94466 1.70599
-2.15489 -1.81809 1.97683
-2.18271 -2.04698 2.10649
-2.4692 -2.02121 1.81633
-2.16927 -1.7594 1.89169
-2.04404 -1.97144 2.21819
-2.05594 -2.22923 2.02576
-2.52097 -2.02919 2.23977
-2.48282 -1.67102 2.09643
-2.65012 -1.8785 2.02643
-2.59218 -1.92547 1.99637
-2.24269 -1.93992 2.25084
-2.39225 -1.82893 2.2095
-2.51042 -1.98441 2.23199
-2.33986 -1.86926 2.05228
-2.03521 -2.05978 2.20529
-2.34385 -1.77736 2.01592
-2.30104 -1.77054 2.10994
-2.25553 -1.7465 2.03522
-2.76702 -1.47267 1.91054
-2.49441 -1.58609 1.97752
-2.41177 -1.7865 1.93186
-2.47267 -1.25726 1.92109
-2.51749 -1.33192 1.82698
-2.00751 -1.6816 1.80705
-2.3897 -1.24815 1.74136
-2.12488 -1.13187 1.73065
-1.98519 -1.5648 1.83009
-2.13228 -1.65451 1.78991
-2.29291 -1.39539 1.82522
-1.74815 -1.43484 1.71933
-1.74225 -0.905677 1.93256
-1.97484 -0.712429 1.50339
-1.67534 -1.27789 1.6383
-1.74883 -1.2196 1.83392
-1.68382 -0.855566 1.70009
-1.44941 -0.801285 1.46779
-1.30329 -1.06613 1.56139
-1.13868 -1.05942 1.65243
-1.44196 -0.357716 1.56996
-1.47624 -0.935855 1.5807
-1.1978 -0.447441 1.60449
-1.18747 -0.770429 1.5361
-1.29081 -0.692709 1.35979
-0.691028 -0.720374 1.76301
-1.04915 -1.16744 1.49466
-1.4903 -0.588407 1.30599
-0.484452 -0.581961 1.5818
-0.802065 -0.906834 1.54474
-0.971623 -0.590116 1.06519
-0.89424 0.0386745 1.19535
-0.820576 -0.153273 1.23682
-0.866774 -0.438173 1.02706
-0.833892 -0.442295 1.06759
-0.738287 -0.105985 1.18988
-0.534269 -0.336984 1.09804
-0.621791 -0.153256 1.10652
-0.800693 -0.0287768 1.00513
-1.07134 0.42162 0.776338
-0.683913 -0.209859 0.799592
-0.554331 0.213848 0.732141
-0.240114 -0.0198349 1.0098
-0.225671 -0.453914 0.972349
-0.364404 0.0838437 0.767783
-0.738424 -0.0745251 0.83398
-0.579592 -0.0733073 0.762773
-0.620492 0.0293942 0.732119
-0.714381 -0.429329 0.708372
-0.560899 0.16822 0.781661
-0.332532 0.293143 0.829854
-0.217906 -0.0638924 0.805838
-0.492279 -0.0396233 0.860752
-0.750097 -0.179759 0.854169
-0.62543 0.00274821 0.69014
-0.666247 -0.0182001 0.740284
-0.386914 -0.108811 0.654894
-0.423057 0.0865394 0.876044
-0.364268 0.15346 0.740238
-0.192293 -0.113721 0.810397
-0.0321781 -0.100265 0.926232
0.153529 -0.0602477 0.805824
-0.0404913 -0.0960586 0.79113
-0.148249 0.0900055 0.6679
-0.0934196 -0.0981306 0.663473
0.0685541 0.000604735 0.772217
0.115578 0.259081 0.69428
0.176193 0.414777 0.534266
-0.273221 0.292923 0.599219
-0.0344325 0.288165 0.465865
-0.103515 0.44858 0.673642
0.0572359 -0.0271177 0.5546
-0.250151 -0.127147 0.65962
-0.311813 0.536433 0.456225
0.237746 0.435538 0.674579
-0.319019 0.303632 0.607
-0.412115 -0.119379 0.593585
0.00514331 0.298574 0.61214
-0.0524457 -0.180602 0.639969
-0.132452 -0.128671 0.59918
-0.347328 0.141034 0.672402
0.18476 -0.00384908 0.525251
0.338436 0.151636 0.75287
-0.140955 -0.382022 0.602883
-0.0276428 -0.360128 0.677882
-0.24964 0.0835556 0.467683
-0.0459237 -0.200846 0.523161
-0.648619 0.122876 0.527083
-0.143939 -0.295569 0.63019
-0.0567999 -0.0479922 0.779979
-0.00700069 -0.000353855 0.639784
-0.245042 -0.454681 0.913229
-0.378686 -0.410277 0.705545
-0.309272 -0.628481 0.860813
-0.28875 -0.258812 0.827431
-0.256023 -0.464474 0.937873
-0.474745 -0.546495 0.933097
-0.418883 -0.277654 0.785828
-0.499977 -0.247982 0.7948
-0.653537 -0.395793 0.735764
-0.304476 -0.238796 0.758608
-0.506031 -0.353998 0.849371
-0.349791 -0.828079 0.832922
-0.602212 -0.675462 0.927022
-0.814477 -0.854688 0.87422
-0.390404 -0.650111 1.0113
-0.590019 -0.732547 1.00703
-0.58735 -0.928177 1.12573
-0.757741 -1.27895 1.07758
-0.945553 -1.31128 1.13719
-0.789228 -1.39404 1.0536
-1.11883 -0.902465 1.26701
-0.993802 -0.790534 1.26097
-1.03499 -0.78524 1.329
-1.23932 -0.926939 1.31975
-1.08426 -1.07904 1.42566
-0.797429 -1.29325 1.37908
-0.740974 -1.25376 1.44486
-0.95286 -1.30887 1.37368
-0.892277 -1.43343 1.57608
-0.597057 -1.54175 1.67902
-1.18879 -1.31674 1.60497
-0.993026 -1.40728 1.37153
-1.18918 -1.30774 1.55333
-0.851438 -1.23852 1.48762
-1.34079 -1.41565 1.64511
-0.972805 -1.46808 1.68644
-1.06697 -1.39048 1.72901
-1.07559 -1.55716 1.75531
-1.09554 -1.21747 1.62653
-0.995974 -1.81094 1.68482
-1.36131 -1.37382 1.63774
-1.3506 -1.17114 1.62675
-1.08009 -1.60206 1.72571
-1.20471 -1.58777 1.73505
-1.1897 -1.40956 1.94302
-1.14737 -1.07218 1.74415
-1.13377 -1.4287 1.77288
-1.61774 -1.05859 1.76924
-1.08619 -1.29745 1.76499
-1.01634 -1.65071 1.78113
-0.658704 -1.72083 1.7745
-1.09794 -1.04372 1.66031
-1.32971 -1.36491 1.59505
-1.54833 -1.42188 1.65792
-1.2479 -1.37893 1.69643
-1.302 -1.47623 1.89518
-1.1192 -1.536 1.94138
-1.19441 -1.52858 1.81774
-1.05628 -1.18135 1.97909
-1.52871 -0.903249 1.71388
-1.7866 -0.98253 1.63152
-1.33839 -0.836102 1.74193
-1.36339 -0.986398 1.5303
-1.64667 -0.719783 1.54543
-1.54089 -1.36298 1.65561
-1.50066 -1.5424 1.49588
-1.61051 -0.924016 1.48524
-1.6715 -0.849256 1.50871
-1.40647 -1.26535 1.40815
-1.46197 -1.24091 1.53901
-1.61876 -1.22969 1.41616
-1.3132 -0.978923 1.6305
-1.2288 -0.640645 1.59444
-1.55323 -0.875305 1.43868
-1.4636 -0.746441 1.44037
-1.2676 -1.16635 1.53771
-1.28062 -1.00528 1.443
-1.54671 -1.06996 1.38849
-1.41516 -0.981594 1.40003
-1.36684 -0.79776 1.32057
-1.41637 -0.963609 1.27839
-1.27778 -0.823124 1.21379
-1.25644 -0.685117 1.35757
-1.23988 -1.0354 1.34524
-1.16095 -0.779098 1.28626
-1.40643 -0.506672 1.15137
-1.42635 -0.795096 1.01888
-1.0914 -0.840022 1.11039
-1.28475 -0.981529 1.08075
-1.08152 -0.527522 0.975062
-1.00841 -0.902712 1.0568
-1.17954 -0.605036 1.13949
-0.920511 -0.528942 0.881997
-0.80267 -0.742931 0.722641
-1.28954 -0.383076 0.551496
-1.5477 -0.236269 0.322788
-0.894649 -0.592365 0.716836
-0.697499 -0.746909 0.697897
-0.678889 -0.0107261 0.632937
-0.70542 -0.508881 0.765794
-1.05694 -0.662456 0.4302
-1.07831 -0.819298 0.666477
-1.01322 -0.276455 0.592828
-1.04153 -0.812825 0.590764
-1.05522 -0.562622 0.356112
-0.91357 -0.264711 0.388457
-1.02971 -0.49618 0.294343
-0.683557 -0.501188 0.330972
-0.881639 0.314949 0.286854
-0.638287 0.250966 0.361993
-0.919293 -0.321609 0.293421
-0.793943 -0.185353 0.307413
-0.790385 0.0691039 0.343345
-0.921211 -0.218272 0.180415
-0.943032 0.180429 0.402394
-0.779362 -0.0811792 0.267947
-0.674293 -0.446849 0.572462
-0.86345 -0.231298 0.634508
-0.700446 -0.257748 0.553999
-0.5203 -0.237098 0.609865
-0.542195 -0.0663143 0.457823
-0.282459 -0.196647 0.594068
-0.127062 -0.089055 0.535287
-0.189458 -0.201524 0.52847
0.0441526 -0.00932878 0.631402
-0.571504 0.0595807 0.659553
-0.332034 0.0611093 0.633458
0.0004841 -0.148363 0.669989
-0.142746 -0.220178 0.823706
-0.138992 -0.05349 0.649575
-0.213836 -0.196472 0.622425
-0.33487 -0.645362 0.772755
-0.133294 -0.125275 0.876089
-0.389714 -0.546953 0.74269
-0.365033 -0.237634 0.777264
-0.566377 0.00801611 0.706537
-0.334287 -0.587736 0.577128
-0.385271 -0.277703 0.477931
-0.83238 -0.299846 0.569667
-0.300058 -0.393797 0.739182
-0.214487 0.0330401 0.876654
-0.540982 -0.294262 0.772178
-0.656004 0.176943 0.806848
-0.743283 -0.18711 0.501406
-0.503082 -0.248563 0.594172
-0.382797 -0.579124 0.616985
-0.737547 -0.612591 0.635211
-0.913766 -0.379722 0.67072
-0.760534 -0.27647 0.676031
-0.669317 -0.316777 0.601613
-0.852607 -0.53106 0.725404
-0.915132 -0.371036 0.497395
-0.755922 -0.483054 0.730149
-1.00495 -0.151414 0.76653
-1.04409 -0.648807 0.707078
-0.657627 -0.795064 0.877015
-0.618248 -0.632006 0.839601
-0.904142 -0.358915 0.960102
-0.9127 -0.732793 0.778911
-0.915779 -0.771831 1.00941
-0.841322 -0.718096 0.895986
-0.953201 -0.635772 0.955385
-1.16802 -0.558278 0.718079
-0.706142 -0.824451 1.0439
-1.06147 -0.386687 1.03678
-1.10152 -0.673553 0.997478
-1.01738 -0.961846 0.961219
-1.01835 -0.868698 1.10345
-1.0072 -0.72028 1.05744
-0.682867 -0.792752 1.14394
-0.839192 -0.667223 1.26444
-1.0437 -0.897017 1.28191
-1.10153 -1.02019 1.26959
-0.996601 -1.28618 1.24295
-1.35769 -0.704446 1.07713
-1.18363 -1.00218 1.20741
-1.22765 -0.579156 1.17431
-0.918872 -0.842124 1.33631
-1.22291 -1.12492 1.37041
-1.01078 -1.0566 1.58213
-0.767501 -0.837924 1.60959
-1.2044 -0.887021 1.47852
-0.983567 -1.15122 1.47771
-1.09769 -1.12393 1.43109
-1.01558 -1.12834 1.42293
-1.04641 -0.958902 1.46643
-1.05443 -1.62118 1.41444
-1.0429 -0.727444 1.4101
-0.935431 -0.973651 1.22875
-0.856874 -1.18095 1.25372
-1.09474 -1.45047 1.42905
-0.926665 -1.11845 1.20443
-0.94745 -0.86549 1.37796
-1.06674 -0.928693 1.14212
-0.774602 -0.651341 1.16749
-0.905164 -0.815771 1.11023
-1.37083 -1.06437 1.23155
-1.29183 -0.970952 0.961055
-1.37248 -0.951181 0.852712
-1.7215 -0.847263 0.892172
-1.41663 -0.749212 0.785872
-1.88434 -0.817809 0.449156
-1.63658 -0.541138 0.612452
-1.36603 -0.621824 0.543208
-1.5087 -0.844171 0.482992
-1.63221 -0.826712 0.301919
-1.49283 -0.489919 0.484565
-1.15097 -0.61298 0.492862
-1.2564 -0.7845 0.324517
-1.45704 -0.077051 0.430195
-1.12305 -0.616718 0.202353
-1.55255 -0.596808 -0.033553
-1.015 -0.114518 0.422891
-1.386 -0.535141 0.0187961
-1.35003 -0.557488 0.0773436
-1.18845 -0.267806 0.402136
-1.29769 -0.243998 0.0596703
-1.01246 -0.20235 0.0701187
-1.16841 -0.0715799 0.0653786
-0.992243 -0.47731 0.0352198
-0.879926 -0.078234 0.170084
-0.810113 -0.0789244 -0.0935838
-0.75157 -0.365686 -0.000578713
-1.05025 -0.0944827 -0.115156
-0.540836 -0.0838132 0.0138332
-0.613452 0.176359 0.123739
-0.324101 0.230332 0.280317
-0.368336 0.41521 0.244521
-0.805127 0.219702 0.0844082
-0.518225 0.827681 0.211091
-0.526451 0.241803 0.298251
-0.568554 -0.0546344 -0.0449838
-0.882375 0.572701 0.105286
-0.465096 0.0927924 0.232761
-0.235733 0.381371 0.332112
-0.631893 0.638744 0.18815
-0.339383 0.234025 0.337892
-0.758682 0.274321 0.294064
-0.331771 0.294066 0.283899
-0.483684 0.467459 0.255638
-0.413135 0.0444184 0.268037
-0.81386 0.395655 0.342814
-0.525045 0.306248 0.164146
-0.515302 0.181303 0.283959
-0.57096 0.352119 0.290512
-0.670514 0.644367 0.358732
-0.315242 0.287305 0.404295
-0.315504 0.569878 0.371023
-0.201334 0.443531 0.406435
-0.770757 0.739127 0.311647
-0.214442 0.519503 0.28645
-0.0366676 0.419715 0.310084
0.12903 0.23915 0.484736
-0.0995153 0.850867 0.247394
-0.217554 0.625485 0.162665
-0.156964 0.521182 -0.0323037
0.360175 0.267829 0.30326
0.0950791 -0.17798 0.0988786
-0.273017 0.310655 0.19368
0.00161852 0.302654 0.549208
-0.0304987 0.34026 0.354039
-0.0309041 -0.00694315 0.173022
0.234674 0.77387 0.338833
-0.103831 0.759318 0.0467099
-0.0274062 0.423846 0.264439
-0.151936 0.285721 0.49475
-0.772505 0.0652506 0.271213
-0.17155 0.247752 0.648217
-0.220496 0.191191 0.327397
-0.193103 0.456213 0.583852
-0.343263 -0.0538854 0.561478
-0.40421 -0.249343 0.54361
-0.158398 0.0940794 0.803272
-0.520061 -0.132689 0.59714
-0.334255 0.315879 0.711016
-0.208385 -0.177772 0.848156
-0.269661 -0.422061 0.730088
-0.373158 0.250766 0.947904
-0.707503 -0.451305 0.846
-0.305879 -0.359568 1.21283
-0.198931 -0.656469 1.13614
-0.761765 -0.365251 1.06065
-0.477197 -0.368953 1.28795
-0.483577 -0.476131 1.28845
-0.630398 -0.680173 1.16007
-0.653472 -0.901355 1.2748
-0.586841 -0.453654 1.36119
-1.0219 -0.858375 1.35503
-0.733282 -0.85652 1.54528
-0.896325 -1.06143 1.73717
-0.669867 -1.07096 1.73339
-1.1842 -0.764712 1.52668
-0.978833 -0.77545 1.7221
-1.02686 -0.623538 1.80155
-0.994152 -0.86444 1.71077
-1.00293 -1.08346 1.6211
-0.687092 -1.05205 1.70742
-1.09076 -1.06407 1.86802
-1.01178 -0.909591 1.74669
-0.872595 -1.14957 1.95261
-0.861448 -1.18578 1.71508
-1.18801 -1.35491 1.64188
-1.02496 -1.34488 1.75992
-0.985637 -1.55947 1.60577
-0.990337 -0.884956 1.60139
-1.12481 -0.711478 1.49143
-1.30088 -1.40099 1.50394
-1.20925 -0.936925 1.38195
-1.03112 -0.902175 1.38114
-1.08792 -1.29999 1.53673
-1.27331 -1.03237 1.02262
-1.14499 -0.982235 1.1513
-0.867724 -0.715782 1.60446
-1.08904 -1.21868 1.23887
-1.01024 -1.58156 1.27398
-1.22399 -1.02009 1.25129
-1.28065 -1.41488 0.686964
-1.00983 -0.927649 0.853737
-0.576138 -0.776718 1.45022
-0.959955 -1.28848 1.0719
-1.05014 -1.04329 1.01893
-0.641087 -1.00733 1.0828
-1.46405 -1.27166 0.628505
-0.958995 -1.24607 0.662998
-1.10525 -1.36534 0.695263
-1.01861 -1.35204 0.738772
-0.92772 -0.658367 0.789071
-0.995924 -0.887517 0.646331
-1.18365 -0.604417 0.562448
-1.35529 -0.775296 0.523801
-1.47169 -1.39038 0.420595
-1.08974 -1.09625 0.423247
-1.18978 -0.69592 0.567494
-1.04352 -0.566619 0.179239
-1.32583 -0.532856 0.399902
-0.699339 -0.290442 0.597263
-1.26191 -0.699716 0.0502824
-0.976669 0.236075 0.159965
-0.88692 0.0858571 0.39553
-0.663714 -0.141247 0.387372
-0.615925 -0.220503 0.275948
-0.795866 0.371566 -0.0188653
-0.503567 -0.17326 0.23188
-0.480822 -0.0401657 0.22003
-0.364547 0.0622754 0.208056
-0.473469 0.00834186 0.130707
-0.720587 0.163685 0.0631633
-0.570146 0.218017 0.0493378
-0.497132 0.213089 0.0659655
-0.443046 0.412361 -0.0775401
-0.0775212 -0.123496 -0.0649809
-0.548126 -0.214493 0.140059
-0.419954 0.0256566 0.0552147
-0.255615 0.343876 -0.0246167
-0.309698 0.100707 0.0606229
-0.269058 0.11944 -0.0160008
-0.533677 0.310521 -0.177041
-0.458497 0.277902 -0.135303
-0.635282 0.581335 -0.252632
-0.48721 0.625133 -0.155105
-0.40447 0.159527 0.134377
-0.479838 0.405506 -0.226065
-0.0820256 -0.162262 0.0487761
-0.619511 0.385202 -0.246917
-0.577704 0.594166 -0.155696
-0.459771 0.447966 -0.0297089
-0.367488 0.21547 0.0940346
-0.361425 0.542076 -0.0171982
-0.456849 0.205577 0.12124
-0.676582 0.706083 0.113964
-0.805997 0.243055 -0.0128733
-0.614887 0.1719 0.0625882
-0.582743 0.629243 0.0555935
-0.652191 0.317616 0.277439
-0.468623 0.807419 0.301145
-0.411394 -0.146777 0.213248
-0.600281 0.146822 0.136596
-0.490511 0.32622 0.172526
-0.217659 0.285486 0.27931
-0.133296 0.276988 0.381364
-0.222591 0.257963 0.408937
-0.0714662 0.459933 0.486658
0.0271762 0.365027 0.247937
-0.00794045 0.0601786 0.273878
0.147755 -0.159439 0.448488
0.0732365 0.00507472 0.549472
0.306197 0.195428 0.705504
0.0404695 0.259058 0.703273
0.357088 0.335096 0.788133
0.0887685 0.0359377 0.655649
0.032806 0.0489023 0.54027
0.554439 -0.210252 0.814724
0.336877 -0.174338 0.90747
0.0475409 0.0920737 0.854982
0.167669 0.204197 0.950524
0.663127 -0.418597 0.827911
0.588903 -0.294975 0.81264
0.382253 -0.402553 0.869368
0.45424 -0.145651 0.759287
0.498256 -0.147549 0.798108
0.24701 -0.143693 0.805175
0.425709 0.0402496 0.953739
0.324299 -0.148809 1.21249
0.350141 -0.390323 0.87994
0.149451 -0.295078 0.944165
0.0975567 0.0719649 0.988205
0.429616 -0.773548 1.08611
0.277517 -0.14488 1.11331
-0.175495 -0.129442 1.12421
0.305619 0.0190647 1.27298
0.145083 0.421905 1.09073
0.0947526 0.055401 1.16027
-0.149818 -0.14452 1.10062
-0.291501 -0.246417 1.07468
0.0482652 -0.207934 1.30228
-0.159928 -0.381756 1.19746
-0.141402 -0.0497268 1.2218
-0.369691 -0.2411 1.23512
-0.425906 -0.78652 1.20972
-0.798886 -0.297191 1.06395
-1.06996 -0.305595 1.00775
-1.13689 -0.577218 0.826579
-0.720394 -0.420078 1.35051
-0.781674 -1.07799 1.44781
-1.6035 -0.332476 1.09099
-0.838183 -0.233577 1.39854
-1.37947 -0.335355 1.23396
-1.34727 -0.393757 1.05806
-1.31621 -0.106805 1.44141
-1.3912 -0.6696 1.20165
-1.43006 -0.272189 1.31783
-1.5029 -0.683239 1.43436
-1.66897 -0.676938 1.2725
-1.76286 -0.623797 1.40942
-1.51692 -0.874598 1.45074
-1.75597 -0.327583 1.48147
-1.7629 -0.633311 1.19649
-2.02235 -0.885252 1.37123
-1.62743 -0.778615 1.49951
-1.74881 -0.578558 1.209
-1.91822 -0.973854 1.5078
-1.72894 -1.34692 1.66666
-2.01379 -0.974779 1.45485
-1.93667 -0.803149 1.5252
-1.89342 -1.07924 1.61635
-1.92651 -1.24883 1.58997
-1.80161 -1.0062 1.91396
-2.29177 -1.37351 1.86881
-2.1545 -1.23345 1.7253
-1.90946 -1.7213 1.97059
-2.21958 -0.889199 1.82272
-2.11235 -1.18753 1.82231
-2.03352 -1.52747 1.89971
-2.08371 -1.50037 2.03009
-1.63229 -1.54298 2.14707
-1.8485 -1.37246 2.15737
-2.10372 -1.09667 1.99594
-2.07215 -1.34168 1.99901
-1.8897 -1.65515 2.24273
-1.94513 -1.21031 2.2781
-1.66852 -1.49439 2.41472
-1.74124 -1.29172 2.30448
-1.81629 -1.77284 2.30815
-1.46151 -1.22874 2.38631
-1.65637 -1.52175 2.25001
-1.50579 -1.21646 2.06947
-1.74905 -0.922358 1.9647
-1.47955 -1.07226 1.93734
-1.68352 -1.23361 2.06745
-1.75707 -1.2152 2.00065
-1.64521 -0.894667 1.81063
-1.69934 -0.956256 1.82886
-1.72416 -1.24144 1.88375
-1.36835 -1.07024 1.97571
-1.54534 -0.965909 1.69924
-1.58774 -0.940036 1.70085
-1.55238 -0.544038 1.69022
-1.60465 -0.846993 1.6337
-1.29406 -0.734085 1.77154
-1.33949 -0.840688 1.4853
-1.01317 -0.37503 1.34362
-1.18998 -0.523987 1.54746
-0.621185 -0.0755271 1.42326
-1.20687 -0.418692 1.07396
-1.056 -0.551813 1.27745
-0.632226 -0.484956 1.47876
-1.15617 -0.282116 1.06736
-0.871639 -0.0434288 0.966999
-0.380942 -0.619729 1.46753
-0.979489 -0.327466 0.714874
-0.896923 0.315153 0.970597
-0.882201 -0.0921036 0.909312
-0.783109 0.508218 0.60779
-0.895026 0.0334441 0.809191
-0.884875 0.563721 0.681294
-0.020417 0.319531 0.845399
-0.529077 0.391761 0.611913
-0.537773 0.125997 0.642666
-0.589507 0.636714 0.440703
-0.185543 0.392366 0.709874
-0.13935 0.281871 0.553473
-0.333157 0.415843 0.358707
-0.165131 0.910624 0.406165
-0.601322 0.750111 0.122562
-0.0942448 0.617633 0.461768
-0.499587 0.427115 0.244177
-0.503253 0.528931 0.337603
-0.291823 0.914953 0.502941
-0.29327 0.480981 0.316936
-0.346549 0.45781 0.294569
-0.332019 0.688815 0.685049
-0.320517 0.191263 0.182779
-0.523067 0.19929 0.281481
-0.350404 0.475396 0.439438
-0.747717 0.119411 0.21696
-0.568188 -0.255542 0.270163
-0.0573193 0.505104 0.663226
-0.157704 0.181009 0.346094
-0.741905 0.436168 0.0659106
-0.529993 0.315453 0.323222
-0.495818 0.429967 0.189052
-0.361012 0.248135 0.362132
-0.339231 -0.0912549 0.297315
-0.373196 0.172349 0.308736
-0.52571 0.292352 0.313731
-0.458703 0.249767 0.258399
-0.180224 0.0176518 0.320131
-0.312236 0.293038 0.339714
-0.287909 0.187959 0.434281
-0.512268 0.242544 0.592484
-0.238232 0.214815 0.585739
-0.28045 0.144295 0.53085
-0.27839 0.81607 0.468798
-0.277838 -0.360352 0.424642
0.0198763 0.41641 0.471923
-0.219025 0.278045 0.465426
-0.27139 0.600252 0.424822
0.0207148 0.985944 0.231388
-0.0813136 0.686599 0.0824219
-0.0498406 0.525407 -0.00884426
-0.117436 0.406629 0.0555711
0.20644 0.222057 0.410178
0.0341729 0.386124 0.27167
-0.133024 0.70406 0.196411
-0.173186 0.229673 0.0994548
0.0466149 0.441415 0.164333
0.0262145 0.470699 0.184758
0.228142 0.346253 0.178996
-0.213845 0.306437 0.118596
-0.306979 0.445715 0.104528
0.0820975 0.645419 0.167538
0.0823773 0.860094 0.172264
0.0880238 0.369585 0.264813
-0.105611 0.862993 0.0429567
0.177027 0.0920287 0.217566
-0.0285169 0.13156 0.214914
-0.340182 0.350694 0.0536459
0.299502 0.394882 0.431807
0.0302581 0.290277 0.274212
-0.0292585 0.430909 0.127883
0.283501 0.334728 0.453255
-0.430591 0.381482 0.195269
0.0265425 0.0423207 0.489499
-0.187056 0.436835 0.130086
0.0842401 0.422553 0.424288
-0.0972041 0.281075 0.40749
-0.393521 -0.0250938 0.387736
-0.192338 0.19593 0.6926
-0.407261 0.0801197 0.411991
0.21341 0.595519 1.14309
-0.750007 0.230754 0.446933
-0.131075 -0.140425 0.837035
0.049399 -0.53796 1.13744
-1.28637 -0.217113 0.267741
0.238847 -0.0401194 1.73696
-0.751494 -0.309316 0.875701
-0.660134 -0.607041 0.943395
-0.0891139 -0.0331224 1.87301
-1.43272 -0.90735 0.452214
-0.50968 -1.03429 1.64084
0.104929 -0.585327 1.97984
-1.52468 -1.00581 0.59207
-0.161952 -1.16962 2.28802
-0.685126 -0.855039 1.8176
-1.3691 -0.715264 1.23235
-0.278545 -1.08586 2.29876
-1.60364 -1.71922 1.76448
-0.648431 -1.60663 1.97676
-0.761642 -1.29975 2.24172
-0.985723 -1.84354 2.4601
-1.25326 -1.46967 2.09724
-0.994454 -1.59243 2.25613
-0.981576 -1.90011 2.52099
-0.950262 -2.15975 2.47752
-1.16527 -1.88504 2.58859
-0.886565 -2.46112 2.88736
-0.826875 -2.06898 2.74993
-1.46726 -2.05508 2.55607
-1.54527 -1.91371 2.71388
-1.22288 -2.10296 2.65858
-1.49458 -2.03786 2.80747
-1.26882 -2.51475 2.61465
-1.38016 -2.22957 2.86359
-1.47402 -2.35655 2.73403
-1.15008 -2.74085 2.8874
-1.19997 -2.22363 2.9305
-1.6379 -2.15169 2.61601
-1.42469 -1.88413 2.49463
-1.16186 -2.44594 2.64519
-1.42859 -2.2132 2.50052
-1.31109 -1.96352 2.55459
-1.29631 -1.84437 2.54432
-1.05574 -2.05459 2.5898
-1.13982 -1.80115 2.3914
-1.15191 -1.72703 2.30861
-0.619855 -1.94641 2.31529
-1.32521 -2.10488 1.94709
-1.0803 -2.0231 1.89833
-1.11291 -2.15367 2.22023
-1.51491 -1.53799 1.75914
-1.23969 -1.68215 1.69925
-1.37028 -1.17428 1.75882
-1.66864 -1.43069 1.28882
-1.34367 -1.58206 1.6221
-1.18056 -1.49579 1.76774
-1.82173 -1.60666 1.35164
-0.969191 -1.44069 1.64312
-1.24542 -1.11938 1.68228
-1.36013 -1.51767 1.07142
-1.51786 -1.24306 1.16122
-1.0484 -1.10254 1.29244
-1.40239 -1.33162 0.899578
-0.988996 -1.15473 1.04315
-0.923492 -0.922586 0.890166
-1.21776 -0.748286 0.599767
-1.39157 -0.272717 0.729374
-0.971598 -1.02879 0.964565
-1.29244 -0.878387 0.421801
-1.29195 -0.258786 0.331074
-0.832016 -0.61119 0.773988
-1.13843 -0.227035 0.227956
-0.966862 0.0926717 0.368293
-0.747313 0.13364 0.656996
-1.29082 -0.118208 0.227212
-1.00431 0.161112 0.26485
-0.706689 -0.367889 0.788697
-1.01051 -0.299962 0.324525
-1.05175 0.166052 0.235111
-0.663485 -0.371248 0.722255
-0.747819 -0.432312 0.490383
-1.11349 0.323317 0.208756
-0.77783 0.0403176 0.410049
-0.518844 0.381988 0.357947
-0.766479 0.0625545 0.263725
-0.664714 0.0354966 0.133673
-0.765429 -0.081643 0.267938
-0.208309 -0.220382 0.382412
-0.981248 0.709176 0.0954986
-0.678297 0.335741 0.313012
-0.514956 0.283397 0.260198
-0.777695 0.719988 0.225117
-0.382028 0.0594481 0.256298
-0.753028 0.18947 0.263576
-0.621534 0.411225 0.0315223
-0.266935 0.10827 0.169565
-0.234819 0.161113 0.199931
-0.450951 0.182953 0.210917
-0.136583 0.382248 0.328302
-0.312664 -0.00600921 0.335302
-0.636809 0.321383 0.104956
-0.586748 0.40324 0.107723
-0.520797 0.0170471 0.30293
-0.532597 0.515687 0.178447
-0.436038 0.652719 0.0989501
-0.463165 0.384788 0.215792
0.0186835 0.265468 0.34126
0.0492095 0.410022 0.239684
-0.0515334 0.706398 0.193208
-0.127742 0.24009 0.144001
-0.0719726 0.529232 0.217433
-0.0463423 0.399151 0.114914
-0.0572295 0.485398 0.149591
0.0176001 0.194399 0.0980925
-0.400143 0.37614 0.044026
-0.239978 1.08963 0.0428217
-0.324542 0.424254 -0.0507242
0.158906 0.0408806 0.0339489
0.125619 0.286061 -5.35194e-05
-0.230474 0.771807 -0.0846515
-0.212316 0.401497 -0.140128
-0.0672136 0.369723 0.00720674
-0.00624733 0.754263 0.0735
0.0133851 0.462847 0.0397608
0.0740138 0.303282 0.143249
-0.131324 0.682465 0.0540323
-0.0873865 0.621811 0.0469434
0.0264108 0.696411 0.0726723
0.0916353 0.223399 0.225159
0.313629 0.396227 0.197424
0.129953 0.207745 -0.110643
0.300568 -0.00351721 0.105836
0.0956605 0.277721 0.0361265
0.0434565 0.617984 0.112021
-0.276366 0.173107 0.023054
0.0825024 0.563287 0.15399
0.00546556 0.58203 0.0772936
0.0919896 0.667152 0.088281
0.375231 0.286704 -0.0160412
0.236423 -0.0512343 0.116016
0.195984 0.315949 0.238713
0.290434 0.368463 0.193333
0.288834 0.454385 0.246216
-0.191098 -0.0881518 0.0604904
-0.17489 0.258629 0.268997
0.207199 0.3392 0.398073
0.299058 0.412317 0.455686
0.155074 0.156179 0.180088
0.0691197 0.735544 0.360893
0.0926485 0.559096 0.587224
0.223698 0.346693 0.574447
0.0173851 0.108453 0.317907
-0.00055759 0.60976 0.0509145
0.155448 0.201398 0.19093
0.177363 0.333246 0.495638
-0.176662 0.309724 0.062482
0.156031 0.4487 0.323436
0.278752 0.303017 0.382014
0.367025 0.363302 0.432545
-0.270847 0.342996 0.0526667
-0.179731 0.0848691 0.0209497
-0.355005 0.362457 0.00513241
0.44994 0.0491203 0.212213
0.361488 0.0361309 0.308766
0.368241 0.0494279 0.313067
0.165262 -0.326134 0.276426
0.0241516 0.104601 0.165204
0.0928705 0.157143 0.19445
-0.218829 0.19733 0.127286
0.0979309 0.107747 -0.0291717
-0.0978698 0.503812 0.0707959
0.0289298 -0.118352 0.210071
0.313302 -0.026432 0.176141
-0.0127055 0.38333 0.153973
0.0741291 0.554287 0.114866
-0.196871 0.452332 -0.136392
0.291801 -0.0925162 0.190391
0.215383 0.0789881 0.102088
0.240689 -0.0733737 0.369554
0.103816 -0.215855 0.26226
0.138346 -0.459919 0.402557
-0.162442 0.0424225 0.372554
-0.0314646 0.245676 0.234351
0.137237 0.096509 0.267399
-0.0678177 0.0911454 0.415606
0.204897 0.17089 0.226876
0.34088 0.156495 0.284825
