0.715499 0.0733639 0.342963
0.715516 0.0733809 0.342982
0.715525 0.0733957 0.342997
0.715528 0.0734057 0.343008
0.715522 0.0734128 0.343018
0.715509 0.0734149 0.343023
0.715492 0.0734154 0.343023
0.715467 0.0734091 0.343021
0.715438 0.0734005 0.343011
0.715403 0.073387 0.342998
0.715362 0.0733719 0.342983
0.715318 0.0733539 0.342967
0.715267 0.0733341 0.342946
0.715206 0.073305 0.342922
0.715142 0.0732796 0.342898
0.715072 0.0732477 0.342872
0.714998 0.0732121 0.342841
0.714915 0.0731726 0.34281
0.714832 0.0731305 0.342777
0.714743 0.0730859 0.342744
0.714648 0.0730359 0.342706
0.714551 0.0729865 0.342664
0.714451 0.0729327 0.342624
0.714345 0.0728756 0.342578
0.71424 0.0728161 0.342536
0.714131 0.0727562 0.342495
0.714015 0.0726902 0.342452
0.713897 0.0726264 0.342408
0.713777 0.0725601 0.342365
0.713652 0.0724939 0.342323
0.713525 0.0724272 0.342281
0.713395 0.07236 0.34224
0.713263 0.0722934 0.342197
0.713128 0.0722272 0.342154
0.712993 0.0721635 0.342109
0.712856 0.072099 0.342065
0.712719 0.0720344 0.342022
0.712579 0.0719699 0.341977
0.712439 0.0719065 0.341932
0.7123 0.0718458 0.341886
0.712157 0.0717831 0.341842
0.712017 0.0717225 0.341798
0.711878 0.0716655 0.341755
0.711737 0.0716064 0.34171
0.711598 0.0715472 0.341665
0.71146 0.0714893 0.341619
0.711323 0.0714325 0.341574
0.711213 0.0713801 0.341534
0.711158 0.071322 0.341492
0.711163 0.0712607 0.341454
0.71121 0.0712055 0.341441
0.711259 0.071153 0.341456
0.711291 0.0711056 0.341495
0.711301 0.0710595 0.34155
0.711299 0.0710115 0.341607
0.711408 0.0710653 0.341586
0.7115 0.0710828 0.341559
0.711581 0.071091 0.341533
0.711648 0.0710898 0.341506
0.711679 0.0710872 0.341487
0.711724 0.0710765 0.341461
0.71176 0.0710565 0.341424
0.711771 0.0710417 0.341411
0.711782 0.0710069 0.341381
0.71178 0.0709775 0.341363
0.711768 0.0709427 0.341346
0.711755 0.0709186 0.341338
0.711713 0.0708598 0.341323
0.711688 0.0708278 0.341317
0.711614 0.0707453 0.341309
0.711551 0.0706843 0.341313
0.711507 0.0706406 0.341316
0.711397 0.0705297 0.341323
0.71134 0.0704784 0.341335
0.71121 0.0703551 0.341353
0.711146 0.0702951 0.341362
0.710991 0.0701481 0.341386
0.710871 0.070033 0.341402
0.710741 0.069916 0.341427
0.710654 0.069838 0.34144
0.710459 0.06966 0.341473
0.710363 0.0695754 0.341486
0.710139 0.0693841 0.341516
0.709962 0.0692459 0.341537
0.709852 0.0691552 0.341545
0.709607 0.0689649 0.341564
0.709489 0.0688724 0.341576
0.709223 0.0686722 0.341592
0.709018 0.0685227 0.341611
0.708812 0.0683756 0.341614
0.708588 0.068212 0.341616
0.708358 0.0680489 0.341612
0.708137 0.0678927 0.341606
0.707907 0.0677328 0.341591
0.707761 0.0676314 0.341582
0.70744 0.0674112 0.341555
0.70721 0.0672553 0.341529
0.706986 0.0671061 0.341509
0.706771 0.0669586 0.341487
0.706552 0.0668107 0.341462
0.70634 0.0666681 0.341444
0.706135 0.0665286 0.341414
0.705935 0.0663906 0.34139
0.705738 0.0662521 0.34137
0.70555 0.0661169 0.341347
0.705366 0.0659855 0.34133
0.705186 0.0658522 0.341305
0.705013 0.0657175 0.341288
0.704846 0.0655847 0.34127
0.704686 0.0654502 0.341251
0.704535 0.0653177 0.341238
0.704392 0.065185 0.341227
0.704259 0.0650493 0.341216
0.704135 0.0649134 0.341215
0.704021 0.0647826 0.341216
0.703922 0.064661 0.341223
0.70383 0.0645371 0.341231
0.703739 0.0644137 0.341239
0.703646 0.0642818 0.34125
0.703551 0.0641497 0.341252
0.703466 0.0640269 0.341247
0.70338 0.0638981 0.341235
0.703301 0.0637761 0.341215
0.703224 0.0636536 0.34119
0.703179 0.06358 0.341171
0.703082 0.0634171 0.341123
0.70304 0.0633423 0.341102
0.70295 0.0631864 0.341048
0.702908 0.0631119 0.34102
0.702827 0.0629697 0.340964
0.702765 0.0628631 0.340921
0.70271 0.0627635 0.340882
0.702675 0.0627035 0.340858
0.702604 0.0625788 0.34081
0.702572 0.0625238 0.340784
0.70251 0.0624119 0.340735
0.702482 0.0623609 0.340711
0.702429 0.0622573 0.340658
0.702391 0.0621838 0.340617
0.702353 0.0621122 0.34057
0.70233 0.0620698 0.34054
0.70228 0.0619815 0.340472
0.702256 0.0619406 0.340438
0.702209 0.0618605 0.340356
0.702167 0.0617967 0.340291
0.702144 0.0617608 0.340248
0.70209 0.0616833 0.340157
0.702065 0.0616481 0.340108
0.702011 0.061576 0.339999
0.701981 0.0615397 0.339944
0.701921 0.0614689 0.339826
0.701874 0.0614168 0.339732
0.701829 0.0613688 0.339638
0.701799 0.0613369 0.339576
0.701732 0.0612711 0.339439
0.7017 0.0612408 0.339373
0.701627 0.0611766 0.339237
0.701592 0.0611468 0.339169
0.701518 0.0610847 0.339014
0.701481 0.0610548 0.338941
0.701401 0.0609893 0.338788
0.701362 0.0609575 0.338714
0.701281 0.0608903 0.338561
0.701243 0.0608578 0.338486
0.701163 0.0607917 0.338334
0.701127 0.0607612 0.338265
0.701052 0.0606972 0.338116
0.700998 0.0606514 0.338011
0.700947 0.0606052 0.33791
0.700914 0.0605749 0.337848
0.700851 0.0605138 0.33772
0.700821 0.0604843 0.337659
0.700753 0.0604177 0.337535
0.700705 0.0603691 0.337447
0.700678 0.0603412 0.337394
0.700619 0.060279 0.337286
0.700579 0.0602281 0.337211
0.700556 0.0601962 0.337165
0.700505 0.0601257 0.337074
0.700477 0.060078 0.337021
0.700454 0.0600316 0.336969
0.700433 0.0599846 0.336924
0.700412 0.0599378 0.336886
0.7004 0.059909 0.336864
0.700375 0.0598483 0.33683
0.700359 0.0598044 0.336812
0.700343 0.0597587 0.3368
0.700332 0.0597138 0.336791
0.700322 0.059676 0.336785
0.700315 0.0596402 0.336782
0.70031 0.0596055 0.336783
0.700306 0.0595688 0.336787
0.700305 0.0595451 0.336791
0.700306 0.0595113 0.336798
0.700307 0.0594767 0.336807
0.700311 0.0594308 0.336818
0.700315 0.0594107 0.336825
0.700322 0.0593653 0.336838
0.700329 0.0593316 0.336847
0.700337 0.0592997 0.336858
0.700343 0.0592833 0.336862
0.700357 0.059241 0.336876
0.700364 0.0592226 0.336883
0.700386 0.0591834 0.3369
0.7004 0.0591576 0.336911
0.700416 0.0591309 0.336922
0.700437 0.0591041 0.336937
0.70046 0.059075 0.336951
0.700486 0.0590448 0.336968
0.700497 0.0590875 0.336963
0.700608 0.0591262 0.336982
0.700681 0.0591505 0.336985
0.700751 0.0591757 0.336986
0.700816 0.0592002 0.336979
0.700874 0.0592234 0.336973
0.700929 0.0592459 0.336968
0.700983 0.0592682 0.336967
0.701037 0.0592918 0.336968
0.701092 0.0593118 0.336964
0.701148 0.0593316 0.336961
0.701205 0.0593501 0.336958
0.701262 0.0593684 0.336958
0.701316 0.0593823 0.336953
0.701366 0.0593895 0.336944
0.701413 0.0593919 0.336933
0.701456 0.0593908 0.336922
0.7015 0.0593902 0.336908
0.701545 0.0593894 0.336894
0.701592 0.0593839 0.336882
0.701646 0.0593762 0.336868
0.701702 0.0593643 0.336854
0.701759 0.0593537 0.33685
0.701818 0.0593471 0.336849
0.701876 0.0593412 0.33684
0.70193 0.0593374 0.336833
0.701977 0.0593322 0.336823
0.702022 0.059335 0.336807
0.702059 0.0593407 0.336786
0.702093 0.0593515 0.336761
0.70212 0.0593659 0.336737
0.702144 0.0593853 0.336712
0.70216 0.0594058 0.336686
0.702173 0.0594312 0.336657
0.70218 0.0594577 0.336624
0.702181 0.0594881 0.336589
0.702179 0.0595168 0.336549
0.702171 0.0595437 0.336506
0.70216 0.0595728 0.336459
0.702148 0.0596019 0.336413
0.702134 0.0596315 0.336366
0.702118 0.0596611 0.336321
0.702102 0.0596895 0.336273
0.702084 0.0597196 0.336224
0.702065 0.0597477 0.33617
0.702044 0.0597746 0.336116
0.702021 0.0597973 0.336065
0.701997 0.0598192 0.336012
0.701971 0.0598425 0.335959
0.701942 0.0598623 0.335908
0.701909 0.05988 0.335855
0.701873 0.059894 0.335803
0.701834 0.0599059 0.335749
0.701796 0.0599205 0.335696
0.701769 0.0599305 0.33566
0.701711 0.0599483 0.335588
0.701667 0.0599635 0.335539
0.701622 0.0599798 0.335493
0.701594 0.0599947 0.335465
0.701542 0.0600237 0.33541
0.701502 0.0600466 0.335371
0.701463 0.0600681 0.335333
0.701424 0.0600893 0.335298
0.70139 0.0601064 0.335271
0.701352 0.0601256 0.335243
0.701312 0.0601476 0.335217
0.701271 0.0601667 0.335195
0.701232 0.060183 0.335171
0.701194 0.0601979 0.335148
0.701158 0.0602093 0.335128
0.701128 0.0602239 0.335109
0.701097 0.0602381 0.335095
0.701068 0.0602492 0.335082
0.70104 0.06026 0.335072
0.701009 0.0602689 0.33506
0.700976 0.0602688 0.335048
0.700942 0.060264 0.335034
0.70091 0.0602549 0.335019
0.700877 0.0602359 0.335001
0.700841 0.0602057 0.334982
0.700802 0.0601655 0.334964
0.700763 0.0601151 0.334945
0.700728 0.0600613 0.334928
0.70069 0.059998 0.334909
0.70065 0.0599274 0.334888
0.700611 0.0598558 0.334863
0.700573 0.059783 0.334836
0.700532 0.0597037 0.334806
0.70049 0.059622 0.334774
0.700449 0.05954 0.334746
0.700407 0.059456 0.334716
0.700363 0.0593662 0.334685
0.700317 0.059275 0.334649
0.70027 0.0591788 0.334614
0.700233 0.0590997 0.334585
0.700189 0.0590036 0.334548
0.700142 0.0588991 0.334513
0.700105 0.0588063 0.334484
0.700063 0.058713 0.334459
0.700168 0.0587624 0.334559
0.700249 0.0587985 0.334631
0.700332 0.0588447 0.334693
0.70041 0.0588879 0.33474
0.700489 0.0589313 0.334774
0.700563 0.0589725 0.334799
0.700634 0.0590111 0.334813
0.700705 0.0590436 0.334819
0.700772 0.0590751 0.334814
0.700844 0.0591102 0.3348
0.700915 0.0591463 0.334779
0.700983 0.0591767 0.334749
0.701052 0.0592039 0.334708
0.701118 0.0592265 0.334658
0.701191 0.0592541 0.334599
0.701266 0.0592824 0.334533
0.70134 0.0593109 0.334466
0.701414 0.0593369 0.334397
0.701492 0.0593598 0.334314
0.701567 0.0593811 0.334235
0.701648 0.0594035 0.334144
0.701726 0.059423 0.334055
0.701808 0.0594407 0.333954
0.701888 0.0594599 0.333855
0.701969 0.0594756 0.333749
0.702049 0.0594911 0.333646
0.702133 0.0595046 0.333535
0.70222 0.0595184 0.333421
0.702314 0.0595354 0.333302
0.702409 0.0595497 0.333185
0.702504 0.0595613 0.333069
0.702596 0.0595704 0.332955
0.702688 0.0595796 0.332844
0.702778 0.0595863 0.332732
0.70287 0.0595928 0.33261
0.702962 0.0595981 0.33249
0.703053 0.0596025 0.332368
0.703144 0.0596018 0.332247
0.703197 0.0596038 0.332177
0.703316 0.059595 0.332017
0.703406 0.0595864 0.331889
0.703493 0.0595712 0.331764
0.703577 0.0595499 0.331636
0.703659 0.0595283 0.3315
0.703733 0.0595007 0.331375
0.703812 0.0594737 0.331235
0.703884 0.0594427 0.331097
0.703952 0.0594133 0.33096
0.704012 0.0593793 0.33083
0.704071 0.0593504 0.330693
0.704125 0.0593225 0.330559
0.704175 0.0593 0.330428
0.704224 0.0592792 0.330293
0.704268 0.0592606 0.330162
0.704309 0.0592461 0.33003
0.704347 0.0592362 0.329906
0.704382 0.0592296 0.329788
0.704416 0.0592302 0.329678
0.70445 0.0592338 0.329565
0.704481 0.0592414 0.329464
0.704508 0.0592518 0.329373
0.704537 0.0592654 0.329277
0.704564 0.0592824 0.329186
0.704588 0.0593021 0.329103
0.704612 0.0593259 0.329019
0.704633 0.0593526 0.328942
0.704649 0.0593775 0.328879
0.704668 0.0594125 0.328805
0.704684 0.0594456 0.328737
0.704701 0.0594822 0.328673
0.704718 0.0595225 0.328611
0.704734 0.059566 0.328554
0.704749 0.0596076 0.328505
0.704766 0.0596571 0.328457
0.70478 0.0596975 0.328421
0.704798 0.0597522 0.328372
0.704815 0.0597997 0.328333
0.70483 0.0598481 0.328294
0.70484 0.0598851 0.328263
0.704851 0.0599331 0.328223
0.704857 0.0599762 0.328189
0.704859 0.0600189 0.328152
0.704858 0.0600587 0.328115
0.704854 0.0600997 0.328075
0.704848 0.0601382 0.328032
0.704844 0.0601771 0.327986
0.70484 0.0602123 0.327939
0.704837 0.0602464 0.327892
0.704836 0.0602835 0.327842
0.704837 0.0603197 0.327791
0.704839 0.0603588 0.327738
0.704843 0.0603968 0.327682
0.704847 0.0604312 0.327627
0.704853 0.0604672 0.327569
0.70486 0.0605062 0.327507
0.704867 0.0605441 0.327443
0.704875 0.0605833 0.327378
0.704883 0.0606214 0.327312
0.704892 0.0606594 0.327248
0.704901 0.0606959 0.327188
0.70491 0.0607299 0.327126
0.70492 0.0607666 0.327063
0.70493 0.0608023 0.326996
0.704938 0.0608367 0.326928
0.704945 0.0608707 0.326862
0.704951 0.0609022 0.326794
0.704956 0.0609337 0.326724
0.704963 0.060963 0.326652
0.704971 0.0609979 0.326576
0.70498 0.0610303 0.3265
0.704989 0.0610626 0.326426
0.704998 0.0610963 0.326349
0.705008 0.0611287 0.326274
0.70502 0.0611629 0.326194
0.705032 0.0611945 0.326116
0.705046 0.0612274 0.326037
0.705059 0.061262 0.325953
0.705073 0.0612956 0.325868
0.705087 0.0613292 0.325782
0.705103 0.0613629 0.325697
0.70512 0.0613944 0.325608
0.705137 0.0614273 0.325519
0.705155 0.0614612 0.325433
0.705174 0.0614932 0.325343
0.705194 0.061524 0.325253
0.705214 0.0615547 0.325162
0.705235 0.061586 0.325065
0.705258 0.0616166 0.324967
0.705279 0.0616441 0.324873
0.705303 0.0616711 0.324774
0.705326 0.0616953 0.324678
0.705349 0.0617169 0.324583
0.705371 0.0617366 0.324482
0.705394 0.0617538 0.324381
0.705417 0.0617705 0.324274
0.705437 0.0617835 0.324179
0.705457 0.0617933 0.324078
0.705476 0.0617994 0.323977
0.705494 0.0618058 0.323872
0.70551 0.0618103 0.323775
0.705525 0.0618149 0.323675
0.70554 0.0618175 0.323574
0.705554 0.0618154 0.323482
0.705565 0.0618179 0.323417
0.705586 0.0618201 0.323282
0.705597 0.0618225 0.323222
0.705623 0.0618261 0.323097
0.705642 0.0618295 0.323005
0.705661 0.0618315 0.322915
0.70568 0.0618333 0.322832
0.705698 0.0618352 0.322746
0.705709 0.0618373 0.322695
0.70573 0.0618402 0.322585
0.705738 0.0618393 0.322537
0.705754 0.0618384 0.322437
0.705761 0.0618376 0.322388
0.705774 0.0618304 0.322301
0.705782 0.0618264 0.322242
0.70579 0.061821 0.322187
0.705795 0.0618165 0.32215
0.705805 0.0618069 0.322085
0.70581 0.0618039 0.322057
0.705818 0.0617937 0.321996
0.705822 0.0617903 0.32197
0.705826 0.0617827 0.321921
0.705826 0.0617774 0.321887
0.705825 0.0617737 0.321855
0.705823 0.061772 0.321836
0.705818 0.0617706 0.321797
0.705817 0.061772 0.321782
0.70581 0.0617753 0.321751
0.705808 0.0617785 0.321738
0.705802 0.0617894 0.321711
0.705796 0.061798 0.321696
0.70579 0.0618089 0.32168
0.705787 0.0618173 0.321672
0.705778 0.0618336 0.321653
0.705775 0.061843 0.321645
0.705765 0.0618656 0.321622
0.705761 0.061875 0.321612
0.705752 0.0618975 0.321592
0.705746 0.0619131 0.321576
0.705742 0.0619298 0.321564
0.705738 0.0619395 0.321554
0.705732 0.0619648 0.321535
0.705729 0.0619769 0.321525
0.705723 0.0620061 0.321501
0.705717 0.0620278 0.321484
0.705709 0.0620506 0.321464
0.705701 0.0620748 0.321441
0.705697 0.0620858 0.321429
0.705683 0.062116 0.321395
0.70567 0.0621402 0.321365
0.705656 0.0621646 0.321331
0.705638 0.06219 0.321294
0.705618 0.0622168 0.32125
0.705605 0.0622352 0.321221
0.705575 0.0622695 0.321157
0.70555 0.0622942 0.321107
0.705523 0.0623202 0.321051
0.705496 0.0623463 0.320995
0.705479 0.0623638 0.320959
0.705441 0.0624 0.320883
0.705414 0.0624288 0.320826
0.705385 0.0624578 0.320766
0.705367 0.0624756 0.320727
0.705324 0.0625159 0.320642
0.705293 0.0625464 0.320579
0.705262 0.0625768 0.320517
0.705232 0.0626046 0.32046
0.705203 0.0626345 0.320407
0.705173 0.0626622 0.320353
0.705146 0.0626908 0.320305
0.705132 0.0627069 0.320281
0.705101 0.0627393 0.320228
0.705081 0.0627639 0.320196
0.705064 0.0627834 0.320171
0.70505 0.0628026 0.320153
0.705043 0.0628145 0.320145
0.705033 0.0628316 0.320141
0.705029 0.0628412 0.320149
0.705027 0.0628495 0.320159
0.705005 0.0627943 0.320226
0.705009 0.0627519 0.320293
0.705017 0.0627258 0.320329
0.705046 0.062673 0.320398
0.705064 0.0626484 0.32043
0.70511 0.0625908 0.320491
0.705135 0.062563 0.320517
0.705189 0.0624986 0.320564
0.705216 0.0624722 0.320577
0.705284 0.0624245 0.320602
0.705316 0.0623976 0.320613
0.705388 0.062343 0.320632
0.70544 0.0623004 0.320641
0.705493 0.0622614 0.320643
0.705525 0.0622361 0.320643
0.705595 0.0621923 0.320642
0.705626 0.0621705 0.320639
0.705684 0.0621405 0.320626
0.705744 0.0621101 0.320603
0.705814 0.0620738 0.320569
0.705849 0.0620596 0.320552
0.705921 0.0620275 0.32051
0.705971 0.0620074 0.320478
0.706024 0.0619892 0.320439
0.706081 0.0619761 0.320392
0.706134 0.0619639 0.320342
0.706182 0.061954 0.320292
0.706231 0.0619452 0.320232
0.706277 0.0619384 0.320172
0.706324 0.0619336 0.320106
0.706353 0.0619311 0.320063
0.706419 0.0619298 0.319963
0.706471 0.0619316 0.319885
0.706526 0.0619335 0.319805
0.70656 0.061937 0.319755
0.70664 0.0619471 0.319643
0.706705 0.0619591 0.319554
0.706771 0.0619725 0.319465
0.706835 0.0619872 0.319379
0.706907 0.0620038 0.319283
0.706981 0.0620234 0.319184
0.707023 0.0620369 0.319129
0.707114 0.0620671 0.319011
0.707187 0.0620966 0.318915
0.707256 0.0621287 0.318826
0.70732 0.0621607 0.318742
0.707385 0.0621997 0.318658
0.707449 0.0622405 0.318573
0.707509 0.0622829 0.318488
0.707564 0.0623241 0.318407
0.707619 0.06237 0.318319
0.70767 0.0624172 0.318236
0.707721 0.0624647 0.318151
0.707769 0.0625141 0.318061
0.707813 0.0625603 0.317978
0.707854 0.0626038 0.317895
0.707894 0.0626465 0.317807
0.70793 0.0626888 0.317725
0.707965 0.0627314 0.317639
0.707997 0.0627701 0.317552
0.708029 0.0628102 0.317465
0.708057 0.0628476 0.317378
0.708084 0.0628821 0.317292
0.708109 0.0629138 0.317208
0.708137 0.0629514 0.317117
0.708159 0.0629843 0.317035
0.708181 0.0630185 0.316953
0.708203 0.0630498 0.316873
0.708226 0.063081 0.316792
0.708251 0.0631139 0.316706
0.708277 0.0631479 0.316622
0.708304 0.0631829 0.316542
0.708331 0.0632136 0.316463
0.708359 0.0632468 0.316386
0.708387 0.0632782 0.316313
0.708413 0.0633052 0.316243
0.70844 0.0633396 0.316167
0.708465 0.0633695 0.316097
0.708491 0.0634054 0.31602
0.708513 0.0634394 0.315951
0.708535 0.0634752 0.315877
0.708558 0.0635139 0.315801
0.708578 0.0635538 0.315726
0.708596 0.0635905 0.31566
0.708612 0.0636328 0.315592
0.708627 0.0636735 0.315527
0.708643 0.063717 0.315463
0.708658 0.0637648 0.315395
0.708673 0.0638134 0.315333
0.708687 0.0638648 0.315272
0.7087 0.0639202 0.315213
0.708712 0.0639784 0.315154
0.70872 0.0640391 0.315099
0.708728 0.0641014 0.315041
0.708734 0.0641635 0.314987
0.708739 0.0642284 0.314933
0.708743 0.0642976 0.314877
0.708744 0.0643635 0.314828
0.708744 0.064428 0.314779
0.708744 0.0644967 0.314732
0.708743 0.0645681 0.314683
0.708741 0.0646465 0.314634
0.708738 0.0647234 0.314587
0.708735 0.0647943 0.314545
0.708732 0.0648678 0.314507
0.708729 0.0649455 0.314465
0.708724 0.0650205 0.314426
0.70872 0.0650979 0.314389
0.708715 0.065174 0.314352
0.70871 0.0652484 0.314318
0.708704 0.06532 0.314287
0.708698 0.0653942 0.314256
0.708691 0.06547 0.314223
0.708685 0.0655457 0.314189
0.708681 0.0656197 0.314159
0.70868 0.0656936 0.31413
0.70868 0.0657687 0.314099
0.708682 0.0658479 0.314068
0.708691 0.0659251 0.31404
0.708699 0.0659994 0.314015
0.70871 0.0660694 0.31399
0.708723 0.0661433 0.313966
0.708741 0.066217 0.313944
0.708757 0.0662822 0.313926
0.708775 0.0663444 0.313909
0.708796 0.0664105 0.313896
0.70882 0.0664751 0.313882
0.708844 0.0665327 0.313872
0.708865 0.0665834 0.313862
0.708887 0.0666316 0.313849
0.708908 0.0666754 0.313839
0.708926 0.0667112 0.313828
0.708946 0.0667469 0.313818
0.708959 0.066766 0.313813
0.708982 0.0668044 0.313801
0.709 0.0668317 0.313794
0.709015 0.0668509 0.313785
0.709023 0.066862 0.31378
0.709039 0.0668812 0.31377
0.709047 0.0668911 0.31376
0.709052 0.066894 0.313752
0.70906 0.0668988 0.313736
0.709062 0.0668979 0.313722
0.709064 0.0668944 0.313709
0.709065 0.066892 0.3137
0.709065 0.0668847 0.31368
0.709064 0.0668757 0.313667
0.709063 0.0668693 0.313657
0.70906 0.0668576 0.313644
0.709056 0.0668445 0.313633
0.709051 0.0668301 0.313622
0.709043 0.0668129 0.313613
0.709034 0.0667902 0.313604
0.709027 0.0667713 0.3136
0.709019 0.0667524 0.313598
0.709011 0.0667292 0.313598
0.709003 0.0667047 0.313599
0.708996 0.0666811 0.313606
0.708989 0.0666533 0.313615
0.70898 0.0666227 0.313626
0.708972 0.0665894 0.313638
0.708963 0.0665573 0.313651
0.708953 0.0665182 0.313667
0.708942 0.0664763 0.313685
0.708931 0.0664371 0.313703
0.70892 0.0663964 0.313725
0.708908 0.0663554 0.31375
0.708895 0.0663103 0.313778
0.70888 0.0662593 0.313814
0.708867 0.0662107 0.313853
0.708852 0.0661663 0.313892
0.708836 0.0661173 0.31394
0.708817 0.0660654 0.313992
0.708797 0.0660162 0.314047
0.708776 0.0659684 0.3141
0.708751 0.0659146 0.314163
0.708723 0.0658564 0.314234
0.708693 0.0657983 0.314303
0.708662 0.0657359 0.314376
0.708627 0.0656732 0.314455
0.708592 0.0656091 0.314533
0.708556 0.0655462 0.314616
0.70852 0.0654747 0.314701
0.708481 0.0654045 0.31479
0.708441 0.065327 0.314884
0.708399 0.0652511 0.314973
0.708356 0.0651781 0.315064
0.70831 0.0650959 0.315167
0.708262 0.0650067 0.315272
0.708215 0.06492 0.315379
0.708169 0.0648376 0.315482
0.708123 0.0647494 0.315586
0.708073 0.0646566 0.315698
0.708021 0.0645627 0.315806
0.70797 0.0644704 0.315911
0.707918 0.0643751 0.316017
0.707866 0.0642783 0.316123
0.707815 0.0641832 0.316224
0.707757 0.0640765 0.316335
0.707701 0.0639771 0.316439
0.707646 0.0638772 0.316531
0.70759 0.0637755 0.316628
0.707532 0.0636696 0.316725
0.707478 0.0635679 0.316818
0.707424 0.0634678 0.316907
0.70737 0.0633677 0.316996
0.707317 0.0632638 0.317079
0.707261 0.0631602 0.317161
0.707202 0.0630554 0.317244
0.707148 0.0629563 0.317321
0.707093 0.0628589 0.317396
0.707033 0.0627535 0.31747
0.706971 0.0626508 0.317535
0.706907 0.062543 0.317597
0.706846 0.0624416 0.31765
0.706781 0.0623392 0.317702
0.706718 0.0622423 0.317744
0.706654 0.0621485 0.317785
0.70659 0.0620597 0.317818
0.706522 0.0619647 0.317851
0.706451 0.0618688 0.317874
0.706383 0.0617809 0.317897
0.706314 0.0616951 0.317917
0.706242 0.0616085 0.317928
0.706173 0.061528 0.317931
0.706101 0.0614501 0.317932
0.706026 0.0613766 0.317926
0.705951 0.061309 0.317919
0.705869 0.0612383 0.317906
0.705783 0.0611693 0.317886
0.705699 0.0611072 0.317858
0.705615 0.0610453 0.317821
0.705533 0.060987 0.31778
0.705451 0.060933 0.317731
0.705371 0.0608795 0.317679
0.70529 0.0608288 0.31762
0.705211 0.0607877 0.317553
0.705134 0.060746 0.317482
0.705061 0.0607146 0.317403
0.70499 0.0606841 0.317318
0.70492 0.060657 0.317228
0.70485 0.0606302 0.31713
0.704788 0.0606126 0.317035
0.704725 0.0605936 0.316935
0.704666 0.0605876 0.316826
0.704604 0.060587 0.316704
0.704543 0.0605874 0.316585
0.704484 0.0605956 0.316457
0.704425 0.0606109 0.31632
0.70437 0.0606283 0.316189
0.704322 0.0606538 0.316059
0.704271 0.0606846 0.315914
0.704241 0.0607085 0.315823
0.704183 0.0607608 0.31563
0.704147 0.0608116 0.315489
0.704109 0.0608588 0.315347
0.704074 0.0609156 0.315206
0.704048 0.0609739 0.315077
0.704018 0.0610489 0.314928
0.703993 0.0611125 0.314792
0.703972 0.0611849 0.314651
0.703958 0.0612625 0.314518
0.703946 0.0613381 0.314391
0.703938 0.0614129 0.314272
0.703936 0.0614931 0.314148
0.703938 0.0615754 0.314028
0.703945 0.0616602 0.313909
0.703956 0.0617418 0.313804
0.703973 0.0618289 0.313696
0.703994 0.0619166 0.313594
0.704016 0.0620034 0.313496
0.704038 0.0620821 0.31341
0.704063 0.0621682 0.313321
0.704089 0.062252 0.313237
0.704117 0.0623378 0.313155
0.704144 0.0624203 0.313078
0.70417 0.0624955 0.313012
0.704187 0.0625442 0.312969
0.704226 0.0626389 0.312886
0.704245 0.0626796 0.31285
0.704291 0.0627678 0.312777
0.704326 0.0628233 0.312731
0.704364 0.0628793 0.312686
0.704401 0.0629285 0.312645
0.704442 0.0629743 0.312605
0.704481 0.0630113 0.312568
0.704519 0.0630413 0.312538
0.704556 0.0630664 0.312508
0.704596 0.063087 0.312478
0.704637 0.0631038 0.312448
0.704675 0.0631182 0.312419
0.704709 0.0631269 0.312394
0.704739 0.0631286 0.312366
0.704766 0.0631271 0.312338
0.70479 0.06312 0.312308
0.704809 0.0631116 0.312272
0.704825 0.0631013 0.312237
0.704837 0.0630879 0.312199
0.704846 0.0630728 0.312161
0.704853 0.063057 0.312118
0.704856 0.0630355 0.312078
0.704857 0.0630134 0.312033
0.704851 0.0629889 0.311987
0.704845 0.0629643 0.311942
0.704834 0.062938 0.311897
0.704822 0.0629106 0.311854
0.704807 0.0628802 0.311808
0.704789 0.0628476 0.311763
0.704768 0.0628096 0.311716
0.704745 0.0627692 0.311672
0.704719 0.0627239 0.31163
0.704695 0.0626792 0.311594
0.704669 0.0626332 0.311563
0.704645 0.0625854 0.311533
0.704614 0.0625283 0.311508
0.704585 0.0624679 0.311489
0.704557 0.0624103 0.311478
0.704527 0.0623472 0.311476
0.704497 0.0622824 0.311481
0.704466 0.0622143 0.311493
0.704439 0.0621459 0.311515
0.704412 0.0620737 0.311547
0.704386 0.0619983 0.311585
0.70436 0.0619192 0.311633
0.704335 0.0618362 0.31169
0.704311 0.0617538 0.311754
0.704295 0.0616928 0.311802
0.704269 0.0615696 0.311909
0.704253 0.0614812 0.311994
0.704236 0.0613855 0.312086
0.704226 0.0613251 0.312148
0.704205 0.0611941 0.312293
0.704196 0.0611298 0.312363
0.704176 0.0609947 0.312524
0.704165 0.0609301 0.312605
0.704141 0.0607912 0.312789
0.704128 0.0607289 0.312874
0.7041 0.0605867 0.313073
0.704084 0.0605227 0.313164
0.704046 0.0603727 0.313385
0.704026 0.06031 0.313482
0.703979 0.0601702 0.313702
0.703955 0.0601045 0.313806
0.7039 0.0599572 0.31404
0.703875 0.0598934 0.314146
0.70382 0.0597514 0.314381
0.703793 0.0596812 0.314495
0.703751 0.0595751 0.314671
0.703708 0.0594738 0.314849
0.70365 0.0593239 0.315097
0.703622 0.0592565 0.31521
0.703579 0.0591493 0.31539
0.703536 0.0590445 0.315568
0.703474 0.0589013 0.315813
0.703447 0.0588359 0.315922
0.703401 0.0587295 0.316104
0.703353 0.0586319 0.316282
0.703312 0.0585446 0.316449
0.70327 0.0584499 0.316628
0.703228 0.0583576 0.316803
0.703184 0.0582712 0.316976
0.703142 0.0581886 0.317145
0.703087 0.0580848 0.317375
0.703062 0.0580412 0.317479
0.703011 0.0579456 0.317702
0.702988 0.0579065 0.317799
0.702935 0.0578193 0.318025
0.7029 0.0577642 0.318184
0.702871 0.0577204 0.318331
0.70284 0.0576732 0.318481
0.702821 0.0576489 0.318569
0.702777 0.0575973 0.318767
0.702759 0.0575775 0.318848
0.702736 0.0575601 0.318968
0.702712 0.0575468 0.319087
0.70269 0.0575404 0.319198
0.702663 0.0575387 0.319307
0.702642 0.057542 0.319403
0.702613 0.0575579 0.319523
0.702588 0.0575779 0.319605
0.702566 0.0576044 0.31968
0.702552 0.0576223 0.319723
0.702532 0.0576579 0.319786
0.702512 0.0576971 0.319844
0.702494 0.0577378 0.319893
0.70248 0.057783 0.319935
0.702464 0.0578288 0.319971
0.702447 0.0578761 0.32
0.702435 0.0579204 0.320019
0.702424 0.0579661 0.320029
0.70241 0.0580316 0.32003
0.702404 0.058061 0.320028
0.702398 0.0581232 0.320013
0.702397 0.058153 0.320003
0.702397 0.0581974 0.319981
0.702403 0.0582576 0.319945
0.702408 0.0582967 0.319915
0.70241 0.0583202 0.319894
0.702416 0.0583743 0.319838
0.702419 0.0583977 0.31981
0.702422 0.0584357 0.31976
0.702422 0.0584756 0.319692
0.702423 0.0585089 0.319632
0.702421 0.0585408 0.31957
0.702419 0.0585702 0.319507
0.702417 0.0585975 0.319438
0.702413 0.0586224 0.319372
0.702411 0.0586457 0.319308
0.702412 0.0586709 0.319238
0.702412 0.0586956 0.319171
0.702414 0.0587167 0.319098
0.702423 0.0587415 0.319022
0.702435 0.0587662 0.318942
0.702452 0.0587968 0.318864
0.702471 0.0588257 0.318779
0.702494 0.058855 0.31869
0.702518 0.0588807 0.318603
0.702546 0.0589083 0.318514
0.702564 0.0589254 0.318459
0.702605 0.0589603 0.318336
0.702633 0.058977 0.318252
0.702662 0.0589976 0.318166
0.702688 0.0590189 0.318081
0.70272 0.0590409 0.317989
0.702753 0.0590619 0.317891
0.702788 0.0590864 0.317794
0.702825 0.0591128 0.317697
0.702863 0.0591348 0.3176
0.702901 0.0591573 0.317505
0.702947 0.0591837 0.317408
0.702994 0.0592117 0.317313
0.70304 0.0592402 0.317226
0.703091 0.0592717 0.317136
0.703142 0.0593033 0.317044
0.703191 0.059336 0.316958
0.703237 0.0593683 0.316869
0.703282 0.0594011 0.31678
0.703325 0.0594331 0.316692
0.703368 0.0594641 0.3166
0.703409 0.0594942 0.316508
0.70345 0.0595248 0.316421
0.703493 0.0595526 0.31633
0.703537 0.05958 0.316242
0.70358 0.0596069 0.316155
0.703626 0.0596335 0.316067
0.703673 0.0596611 0.315979
0.70372 0.0596884 0.315892
0.703769 0.0597142 0.3158
0.703816 0.0597417 0.315713
0.70386 0.0597702 0.315633
0.703903 0.0597977 0.315549
0.703948 0.0598283 0.315462
0.703986 0.0598555 0.315383
0.704022 0.0598821 0.3153
0.704056 0.0599093 0.315218
0.704083 0.0599363 0.315139
0.704111 0.0599619 0.315059
0.704135 0.0599869 0.31498
0.704158 0.0600119 0.314904
0.704179 0.0600355 0.314832
0.704198 0.060058 0.314759
0.704217 0.0600791 0.314687
0.704235 0.0600992 0.314615
0.70425 0.0601182 0.314546
0.704263 0.0601387 0.314479
0.704277 0.0601558 0.314416
0.704288 0.0601723 0.314351
0.704299 0.0601874 0.314289
0.704307 0.0602029 0.314228
0.704315 0.060214 0.314169
0.704319 0.0602284 0.314112
0.704321 0.0602393 0.314056
0.704322 0.0602531 0.314002
0.704319 0.0602672 0.313949
0.704311 0.0602787 0.313896
0.704302 0.0602916 0.313847
0.704287 0.0603043 0.313798
0.70427 0.060315 0.313748
0.70425 0.0603246 0.313702
0.704228 0.0603347 0.313658
0.704204 0.0603476 0.313614
0.704179 0.0603605 0.313574
0.704153 0.0603738 0.313533
0.704122 0.0603842 0.313494
0.704089 0.0603921 0.313457
0.704055 0.0604034 0.313416
0.704023 0.0604206 0.313378
0.703988 0.0604334 0.313339
0.703951 0.0604482 0.313299
0.703914 0.0604558 0.313264
0.703876 0.0604634 0.313231
0.703843 0.0604744 0.313203
0.703809 0.0604841 0.313177
0.703776 0.0604918 0.313156
0.703742 0.0604982 0.313136
0.703722 0.0605018 0.313129
0.703681 0.0605057 0.313115
0.703661 0.0605074 0.313113
0.703624 0.0605079 0.313117
0.703608 0.0605077 0.313123
0.703572 0.0605035 0.31314
0.703558 0.0605019 0.313153
0.703528 0.0604938 0.31319
0.703515 0.0604883 0.313212
0.703487 0.0604744 0.313269
0.70347 0.060463 0.313314
0.703451 0.0604497 0.313369
0.703437 0.0604403 0.313411
0.703408 0.0604167 0.313506
0.703394 0.0604054 0.313554
0.703362 0.0603752 0.313665
0.703346 0.0603606 0.313721
0.70331 0.0603274 0.313852
0.703294 0.0603109 0.313913
0.703258 0.0602707 0.314054
0.703243 0.0602542 0.314122
0.703209 0.0602136 0.314272
0.70319 0.0601929 0.314347
0.703163 0.0601562 0.314471
0.70314 0.0601172 0.31459
0.703105 0.0600671 0.314767
0.703088 0.0600474 0.314847
0.703061 0.0599958 0.315023
0.703048 0.0599718 0.315104
0.70302 0.0599149 0.315286
0.703009 0.0598884 0.31537
0.702983 0.0598218 0.315565
0.702974 0.0597938 0.315652
0.702956 0.0597353 0.315842
0.702947 0.0597029 0.31593
0.70293 0.0596312 0.316111
0.702921 0.0595777 0.316243
0.702916 0.0595261 0.316381
0.702914 0.0594715 0.316505
0.702913 0.0594059 0.316641
0.702915 0.0593456 0.316762
0.70292 0.0592818 0.316888
0.702929 0.0592163 0.317009
0.702939 0.0591502 0.317121
0.702949 0.0590766 0.317225
0.702963 0.0589965 0.317328
0.702975 0.0589193 0.317416
0.702987 0.05884 0.317499
0.702997 0.0587568 0.317574
0.703005 0.0586681 0.317645
0.703009 0.0586135 0.317686
0.703018 0.058496 0.317766
0.703021 0.0584459 0.317797
0.703029 0.0583378 0.317856
0.703031 0.0582892 0.317881
0.703034 0.058188 0.317924
0.703035 0.0581207 0.317946
0.703033 0.0580504 0.317967
0.703031 0.05799 0.317979
0.703028 0.0579233 0.317989
0.703024 0.0578645 0.317995
0.703022 0.0578048 0.317996
0.703021 0.0577569 0.317992
0.703022 0.0577081 0.317983
0.703022 0.0576662 0.317975
0.703025 0.0576239 0.317965
0.70303 0.0575924 0.317954
0.703034 0.0575579 0.317945
0.703039 0.0575334 0.317933
0.703045 0.0575127 0.317922
0.703052 0.0574985 0.317912
0.703057 0.0574916 0.317904
0.703069 0.0574848 0.317884
0.703077 0.0574848 0.317871
0.703087 0.0574902 0.317857
0.703096 0.0574971 0.317842
0.703107 0.0575089 0.317829
0.703119 0.0575237 0.317812
0.703134 0.0575424 0.317793
0.703151 0.0575636 0.317773
0.703172 0.0575887 0.317747
0.703196 0.0576128 0.317721
0.703224 0.0576399 0.317696
0.703254 0.0576665 0.31767
0.703289 0.0576986 0.317644
0.703326 0.0577312 0.31762
0.703367 0.0577668 0.317596
0.703411 0.057803 0.317571
0.703456 0.0578402 0.317548
0.703505 0.0578791 0.317524
0.703551 0.0579175 0.3175
0.703603 0.057961 0.317477
0.703656 0.0580057 0.317456
0.703712 0.058054 0.317434
0.703765 0.0581024 0.317408
0.703819 0.0581524 0.317379
0.703876 0.058205 0.317348
0.703935 0.0582565 0.317312
0.703996 0.0583086 0.317271
0.704055 0.0583608 0.317232
0.704115 0.0584127 0.317194
0.704175 0.0584657 0.317159
0.704234 0.0585179 0.317122
0.704295 0.0585708 0.31708
0.704356 0.0586229 0.317033
0.704416 0.0586779 0.316988
0.704473 0.0587325 0.316942
0.704531 0.0587898 0.316895
0.704588 0.0588466 0.316845
0.704643 0.0589028 0.316793
0.704695 0.05896 0.316739
0.704744 0.0590127 0.316683
0.704795 0.059066 0.316621
0.704846 0.0591184 0.316556
0.704897 0.0591723 0.316489
0.704948 0.0592239 0.31642
0.704998 0.0592735 0.316348
0.705047 0.0593221 0.316274
0.705095 0.0593663 0.316203
0.705146 0.0594113 0.316122
0.705194 0.0594498 0.316043
0.705241 0.0594887 0.315963
0.705289 0.0595268 0.315877
0.705335 0.0595618 0.315786
0.705376 0.0595912 0.315705
0.705418 0.0596231 0.315612
0.705459 0.0596525 0.315519
0.705498 0.059678 0.315427
0.705536 0.0597024 0.315336
0.705574 0.0597241 0.315244
0.70561 0.0597417 0.315154
0.705644 0.0597592 0.315067
0.705679 0.0597755 0.314978
0.705718 0.0597923 0.314881
0.705751 0.0598081 0.314797
0.705785 0.0598217 0.314709
0.705819 0.0598349 0.314624
0.70585 0.0598454 0.314544
0.705881 0.0598546 0.314463
0.705914 0.0598674 0.314383
0.705943 0.0598799 0.314309
0.705972 0.0598924 0.314237
0.706001 0.059905 0.314165
0.706027 0.0599179 0.314092
0.706052 0.0599316 0.314026
0.706076 0.059947 0.313959
0.706101 0.0599637 0.313891
0.706124 0.0599777 0.313824
0.706143 0.0599947 0.31376
0.706162 0.0600136 0.313694
0.70618 0.0600334 0.313629
0.706199 0.060059 0.313562
0.706215 0.0600872 0.313498
0.70623 0.0601181 0.313435
0.706245 0.0601534 0.313369
0.70626 0.0601926 0.313303
0.706273 0.0602315 0.313241
0.706285 0.0602702 0.313183
0.706297 0.0603147 0.313119
0.706309 0.0603587 0.31306
0.70632 0.0604011 0.313004
0.706331 0.0604449 0.312947
0.706342 0.0604884 0.312892
0.706355 0.0605344 0.312836
0.706367 0.0605809 0.312776
0.706377 0.0606256 0.312722
0.706387 0.0606747 0.312665
0.706394 0.06072 0.312609
0.7064 0.0607695 0.312552
0.706403 0.0608024 0.312517
0.706407 0.0608715 0.312443
0.706408 0.0609241 0.312387
0.706407 0.060974 0.312335
0.706405 0.0610251 0.312285
0.7064 0.0610709 0.312238
0.706394 0.0611226 0.312187
0.706388 0.0611727 0.312138
0.706382 0.0612257 0.312087
0.706373 0.0612803 0.312037
0.706363 0.0613332 0.311991
0.70635 0.0613799 0.311945
0.706335 0.0614311 0.311896
0.706318 0.0614826 0.311849
0.706299 0.0615304 0.311801
0.706277 0.061574 0.311759
0.706254 0.0616194 0.311713
0.70623 0.0616597 0.311669
0.706203 0.0616945 0.31163
0.706176 0.0617313 0.311585
0.706148 0.0617694 0.311541
0.706119 0.061802 0.3115
0.706091 0.0618314 0.311465
0.706064 0.0618561 0.311435
0.706036 0.0618769 0.311405
0.706013 0.0618981 0.311378
0.705988 0.0619125 0.311355
0.705963 0.0619226 0.311336
0.70594 0.0619266 0.311323
0.705917 0.0619273 0.311315
0.705894 0.0619216 0.311309
0.705873 0.0619119 0.311311
0.705854 0.0618989 0.311316
0.705835 0.0618813 0.311328
0.705818 0.0618603 0.311346
0.705802 0.0618395 0.31137
0.705788 0.0618154 0.3114
0.705776 0.0617906 0.311433
0.705764 0.0617625 0.311473
0.705755 0.0617317 0.311518
0.705747 0.0617 0.311572
0.705739 0.0616678 0.311629
0.705732 0.0616332 0.311694
0.705725 0.0615995 0.311764
0.705717 0.0615657 0.311835
0.705708 0.0615289 0.311912
0.705698 0.06149 0.311995
0.705687 0.061451 0.312083
0.705675 0.0614099 0.312177
0.705663 0.0613728 0.312269
0.705648 0.0613373 0.312365
0.705634 0.0612989 0.312473
0.705617 0.0612608 0.31258
0.705602 0.0612209 0.31269
0.705583 0.0611783 0.312815
0.705566 0.0611385 0.312936
0.705551 0.0610968 0.313058
0.705532 0.0610535 0.313187
0.705514 0.0610113 0.313316
0.705495 0.060972 0.313443
0.705477 0.0609318 0.313575
0.705458 0.0608893 0.313704
0.70544 0.060842 0.313836
0.70542 0.0608001 0.313971
0.705403 0.0607575 0.314105
0.705387 0.0607186 0.314239
0.705368 0.0606809 0.314377
0.705351 0.0606425 0.314519
0.705333 0.0605998 0.31466
0.705312 0.0605583 0.314806
0.705294 0.0605192 0.314951
0.705273 0.0604819 0.315093
0.705252 0.0604453 0.31525
0.705231 0.0604131 0.315394
0.705209 0.0603815 0.315542
0.705184 0.0603503 0.315692
0.705158 0.0603207 0.31584
0.705132 0.0602932 0.315992
0.705105 0.0602666 0.316138
0.705078 0.0602415 0.31628
0.705049 0.0602159 0.316419
0.705019 0.0601888 0.31656
0.704992 0.0601679 0.316691
0.704962 0.0601509 0.316826
0.704933 0.060136 0.316954
0.704901 0.0601243 0.317074
0.704862 0.0601054 0.317204
0.704827 0.0600894 0.317319
0.70479 0.0600729 0.317428
0.704753 0.0600568 0.317535
0.704715 0.0600412 0.317641
0.704673 0.0600253 0.317743
0.704635 0.0600145 0.317833
0.704597 0.0600031 0.317919
0.704556 0.0599911 0.318002
0.704516 0.0599826 0.31808
0.704476 0.059975 0.318152
0.704439 0.0599709 0.318214
0.704402 0.0599677 0.318272
0.704367 0.0599661 0.318324
0.704332 0.059968 0.318373
0.7043 0.0599714 0.318417
0.70427 0.0599769 0.318455
0.704245 0.0599865 0.318485
0.704222 0.0599965 0.318509
0.704191 0.060018 0.318536
0.704173 0.0600316 0.318548
0.704159 0.0600497 0.318553
0.704148 0.0600694 0.318552
0.70414 0.060092 0.318545
0.704135 0.0601137 0.318532
0.704133 0.0601368 0.318513
0.704133 0.0601634 0.318487
0.704136 0.0601869 0.318459
0.704138 0.0602128 0.318425
0.704144 0.0602417 0.318384
0.704152 0.0602759 0.318333
0.704162 0.0603131 0.318277
0.704175 0.0603553 0.318211
0.704188 0.0603989 0.318144
0.704205 0.0604454 0.318069
0.704222 0.0604935 0.317993
0.704243 0.060546 0.317906
0.704266 0.060597 0.317818
0.704293 0.0606561 0.317723
0.70432 0.0607171 0.317626
0.704348 0.0607825 0.317521
0.704377 0.0608524 0.317413
0.704407 0.060929 0.317292
0.704436 0.0610085 0.317171
0.704466 0.0610873 0.31704
0.704495 0.0611679 0.316907
0.704523 0.0612555 0.31677
0.704552 0.0613463 0.316627
0.704582 0.0614349 0.316475
0.704614 0.06154 0.316305
0.704645 0.0616417 0.316136
0.704676 0.0617466 0.315961
0.70471 0.0618536 0.315782
0.704744 0.0619722 0.315591
0.704775 0.0620877 0.315403
0.704803 0.0622044 0.315217
0.704832 0.0623214 0.315021
0.704859 0.0624422 0.314826
0.704882 0.0625664 0.314623
0.704904 0.06269 0.314424
0.704924 0.0628177 0.31422
0.70494 0.0629465 0.314017
0.704955 0.0630755 0.313811
0.704964 0.0632069 0.313607
0.704971 0.0633344 0.313402
0.704973 0.0634619 0.313197
0.704974 0.0635919 0.312988
0.704969 0.0637137 0.312785
0.704962 0.0638404 0.312583
0.704956 0.0639636 0.31238
0.704945 0.0640906 0.312182
0.704934 0.0642103 0.311984
0.704921 0.0643295 0.311787
0.704905 0.0644441 0.311599
0.704885 0.0645572 0.311412
0.704865 0.0646668 0.311231
0.704839 0.0647725 0.311056
0.704815 0.0648813 0.31088
0.704788 0.0649894 0.31071
0.704757 0.0650932 0.310549
0.70473 0.0651865 0.310397
0.704698 0.065289 0.310245
0.704666 0.0653852 0.310105
0.704635 0.0654813 0.309978
0.704605 0.0655726 0.309858
0.704576 0.0656679 0.309747
0.704549 0.0657592 0.30965
0.704523 0.0658496 0.309563
0.704497 0.0659341 0.309488
0.704471 0.066015 0.309428
0.704445 0.0660929 0.309376
0.704419 0.0661677 0.309333
0.704392 0.0662395 0.309298
0.704367 0.0663005 0.309276
0.704342 0.0663547 0.309264
0.704318 0.0664072 0.309261
0.704294 0.0664505 0.309266
0.704267 0.0664922 0.309287
0.704245 0.0665183 0.309314
0.704224 0.0665365 0.30935
0.704203 0.0665492 0.309398
0.704183 0.0665554 0.309454
0.704164 0.0665548 0.30952
0.704144 0.0665492 0.309589
0.704123 0.0665362 0.309666
0.704101 0.0665191 0.309751
0.704077 0.0664949 0.30984
0.704051 0.0664669 0.309936
0.704022 0.0664317 0.310039
0.70399 0.0663917 0.310143
0.703955 0.0663469 0.310256
0.703916 0.0662986 0.310373
0.703877 0.0662441 0.310492
0.703834 0.0661898 0.310617
0.703792 0.0661306 0.310742
0.703747 0.0660688 0.310874
0.703703 0.0659993 0.311009
0.703656 0.0659227 0.311146
0.703609 0.0658411 0.311284
0.703559 0.0657582 0.311427
0.703509 0.065669 0.311572
0.703458 0.0655786 0.311717
0.70341 0.0654825 0.311865
0.703364 0.0653822 0.312013
0.703314 0.0652757 0.312168
0.703265 0.0651669 0.312314
0.703213 0.0650531 0.312467
0.70316 0.0649369 0.312618
0.703108 0.064817 0.312765
0.703056 0.0646916 0.312912
0.703002 0.0645615 0.313058
0.702947 0.0644266 0.313203
0.70289 0.0643021 0.313343
0.702834 0.064167 0.313486
0.702781 0.0640273 0.313627
0.702725 0.0638842 0.313767
0.702669 0.0637426 0.313903
0.702614 0.063604 0.314043
0.70256 0.0634628 0.314174
0.702504 0.063318 0.314307
0.702444 0.0631726 0.314439
0.702387 0.0630229 0.314564
0.702333 0.0628813 0.314689
0.702277 0.0627289 0.314818
0.702222 0.0625769 0.314941
0.702164 0.0624277 0.315064
0.702111 0.0622712 0.315179
0.702064 0.0621206 0.315293
0.702014 0.0619666 0.315404
0.701964 0.0618116 0.315513
0.701914 0.0616522 0.31562
0.701867 0.0614935 0.315723
0.701822 0.061335 0.315824
0.701778 0.0611759 0.315924
0.701738 0.0610192 0.316022
0.701699 0.0608605 0.31612
0.701664 0.0607051 0.316211
0.701631 0.060547 0.316302
0.701601 0.0603918 0.316388
0.701575 0.0602395 0.316472
0.701554 0.0600886 0.316556
0.701535 0.059941 0.316636
0.701517 0.0597869 0.316718
0.701503 0.0596512 0.31679
0.701491 0.0595164 0.316864
0.701481 0.0593809 0.316937
0.701473 0.0592571 0.317005
0.701466 0.0591296 0.317075
0.701459 0.0590099 0.317138
0.701453 0.0589026 0.317194
0.701446 0.0587987 0.317248
0.701438 0.0586983 0.317298
0.70143 0.0586066 0.317344
0.701422 0.0585207 0.317387
0.701416 0.0584444 0.317425
0.70141 0.0583746 0.317459
0.701404 0.0583173 0.317488
0.7014 0.0582645 0.317514
0.701395 0.0582205 0.317538
0.70139 0.0581844 0.317555
0.701386 0.0581557 0.31757
0.701382 0.0581354 0.317576
0.701376 0.0581217 0.31758
0.70137 0.0581165 0.317577
0.701362 0.0581154 0.31757
0.701355 0.0581208 0.317558
0.701346 0.0581303 0.317541
0.701336 0.0581444 0.317517
0.70133 0.0581647 0.317491
0.701321 0.0581886 0.317457
0.701312 0.0582176 0.317418
0.701305 0.0582493 0.317376
0.701299 0.0582874 0.317326
0.701293 0.058328 0.317271
0.701288 0.058375 0.317209
0.701283 0.0584229 0.317142
0.701279 0.058478 0.317068
0.701275 0.0585342 0.316989
0.701273 0.0585945 0.316904
0.701272 0.0586541 0.31682
0.701273 0.058719 0.316724
0.701275 0.0587871 0.316622
0.701275 0.058862 0.316511
0.701274 0.0589298 0.3164
0.701271 0.0590045 0.31628
0.701268 0.0590848 0.316155
0.701264 0.0591618 0.316029
0.70126 0.0592381 0.315894
0.701259 0.0593238 0.315743
0.701257 0.0594102 0.315593
0.701255 0.0594982 0.315445
0.701254 0.0595847 0.315287
0.701251 0.0596725 0.315127
0.70125 0.0597627 0.314968
0.701254 0.0598599 0.314801
0.701255 0.0599494 0.314632
0.701256 0.0600453 0.314462
0.701259 0.0601408 0.314293
0.701265 0.060239 0.31412
0.701271 0.0603365 0.313948
0.701274 0.0604324 0.313776
0.701278 0.0605282 0.313603
0.701282 0.060624 0.313431
0.701288 0.060719 0.313255
0.701294 0.0608128 0.313084
0.701298 0.0609057 0.312911
0.701302 0.0609955 0.312737
0.701306 0.0610828 0.312568
0.70131 0.0611708 0.312398
0.701316 0.0612612 0.31223
0.701328 0.0613442 0.31206
0.701339 0.0614311 0.311897
0.70135 0.0615142 0.311743
0.701365 0.0615984 0.311587
0.701378 0.061682 0.311437
0.701392 0.0617645 0.311289
0.701405 0.0618465 0.311146
0.701416 0.0619258 0.31101
0.701425 0.0620051 0.310874
0.701433 0.0620857 0.310742
0.701438 0.0621608 0.310617
0.701444 0.0622367 0.310494
0.701449 0.0623017 0.310383
0.701452 0.0623695 0.310275
0.701455 0.0624367 0.310168
0.701457 0.062506 0.310065
0.701459 0.0625672 0.309971
0.701462 0.0626261 0.309884
0.701465 0.0626809 0.309802
0.701467 0.0627303 0.309729
0.701468 0.0627779 0.309666
0.701468 0.0628206 0.309608
0.701465 0.0628597 0.309559
0.701462 0.0628962 0.309514
0.701457 0.0629256 0.309475
0.70145 0.062951 0.309445
0.701442 0.062972 0.30942
0.70143 0.0629859 0.309405
0.701418 0.0629924 0.309396
0.701405 0.062994 0.309393
0.701391 0.0629882 0.309399
0.701376 0.0629748 0.30941
0.70136 0.0629558 0.309426
0.701342 0.0629272 0.309454
0.701321 0.0628916 0.30949
0.701297 0.0628503 0.309531
0.701269 0.0627987 0.309586
0.70124 0.0627409 0.309647
0.701209 0.0626735 0.309718
0.701177 0.0626036 0.309795
0.701144 0.0625285 0.309881
0.701111 0.0624516 0.309971
0.701077 0.0623672 0.310068
0.701039 0.0622761 0.310175
0.700998 0.062174 0.31029
0.700958 0.0620661 0.310414
0.700915 0.0619593 0.310546
0.700874 0.0618492 0.310677
0.700833 0.0617227 0.310828
0.700789 0.0615899 0.310983
0.700745 0.0614514 0.311147
0.700701 0.0613103 0.311314
0.700657 0.061162 0.311487
0.700611 0.0610066 0.311678
0.700569 0.0608486 0.311865
0.700525 0.0606879 0.312058
0.700482 0.0605137 0.312262
0.700438 0.0603404 0.312473
0.700395 0.0601601 0.312685
0.700351 0.0599778 0.312903
0.700309 0.0597933 0.313122
0.700268 0.0596029 0.313342
0.700226 0.0594096 0.313565
0.700183 0.0592141 0.313793
0.700141 0.0590151 0.314012
0.700096 0.0588137 0.314236
0.700052 0.0586133 0.314455
0.700008 0.0584131 0.31467
0.699962 0.0582067 0.314883
0.699917 0.058011 0.315085
0.699869 0.0578085 0.315286
0.699819 0.0576098 0.315482
0.699768 0.0574055 0.315673
0.69972 0.0572074 0.315847
0.699668 0.0570074 0.316016
0.699615 0.0568106 0.31618
0.699562 0.056617 0.316336
0.699506 0.0564202 0.316487
0.699455 0.0562429 0.316621
0.699399 0.0560496 0.316759
0.699347 0.0558681 0.316885
0.699295 0.0556906 0.317002
0.699243 0.0555165 0.317113
0.699191 0.0553493 0.317215
0.69914 0.0551885 0.317309
0.699087 0.0550284 0.317397
0.699034 0.0548754 0.317477
0.698984 0.0547359 0.317546
0.698934 0.0546009 0.317612
0.698885 0.0544766 0.317669
0.698838 0.0543611 0.317719
0.698791 0.0542549 0.317764
0.698749 0.0541594 0.317802
0.698707 0.0540712 0.317834
0.698669 0.0539937 0.317861
0.698634 0.0539313 0.317879
0.698601 0.0538753 0.317891
0.698572 0.0538314 0.317898
0.698544 0.0537969 0.317896
0.698521 0.0537752 0.317889
0.698502 0.0537634 0.317879
0.698485 0.0537587 0.317862
0.698478 0.0537613 0.317848
0.698466 0.0537799 0.317809
0.698462 0.0537996 0.317776
0.698462 0.0538289 0.317735
0.698464 0.0538616 0.317688
0.698469 0.0539013 0.317636
0.698478 0.0539472 0.317579
0.698488 0.0539935 0.317514
0.698502 0.0540437 0.317444
0.69852 0.0540986 0.317366
0.698539 0.0541561 0.317284
0.698563 0.0542152 0.317192
0.698589 0.0542784 0.317095
0.698617 0.0543485 0.316987
0.698645 0.0544155 0.316878
0.698676 0.0544828 0.31676
0.698708 0.0545543 0.316634
0.69874 0.0546285 0.316501
0.698772 0.0547011 0.316362
0.698809 0.0547795 0.316207
0.698847 0.0548642 0.316044
0.698885 0.0549461 0.31588
0.698923 0.0550319 0.315705
0.698961 0.0551207 0.315518
0.698996 0.0552123 0.315325
0.699033 0.0553026 0.315143
0.699076 0.0554065 0.314935
0.699118 0.0555132 0.314723
0.699158 0.0556115 0.314514
0.699198 0.0557262 0.314291
0.69924 0.0558436 0.314065
0.699278 0.0559557 0.313848
0.699318 0.0560725 0.313617
0.699355 0.0561987 0.313386
0.699395 0.0563206 0.313158
0.699433 0.0564398 0.312942
0.699473 0.0565736 0.312704
0.699512 0.0567047 0.312471
0.699551 0.056838 0.31224
0.699588 0.0569692 0.312011
0.699624 0.0570991 0.311787
0.699662 0.0572527 0.311536
0.699699 0.0574014 0.311287
0.699735 0.0575501 0.311046
0.699769 0.0576975 0.310813
0.699789 0.057794 0.310656
0.699828 0.0579884 0.310349
0.699855 0.0581324 0.310127
0.699879 0.058273 0.309912
0.699895 0.0583633 0.309775
0.699924 0.0585444 0.309509
0.699945 0.0586773 0.309314
0.699963 0.0588087 0.309131
0.69998 0.0589345 0.308956
0.699993 0.0590554 0.308795
0.700004 0.0591734 0.308643
0.700012 0.0592879 0.308494
0.700017 0.0593953 0.308362
0.700019 0.0594998 0.308242
0.700017 0.0595965 0.308137
0.700013 0.0596814 0.308048
0.700009 0.0597574 0.307976
0.700002 0.0598263 0.307921
0.699995 0.0598828 0.307884
0.699987 0.0599257 0.307865
0.69998 0.0599577 0.307858
0.699972 0.0599775 0.307868
0.699965 0.0599878 0.307891
0.699959 0.0599868 0.307914
0.699947 0.0599685 0.307981
0.699937 0.0599436 0.308048
0.699924 0.0599058 0.308132
0.699909 0.0598558 0.308232
0.699892 0.0597883 0.308346
0.699871 0.0597072 0.308478
0.699854 0.0596534 0.308567
0.699818 0.0595126 0.308774
0.699787 0.0593944 0.308942
0.69975 0.0592525 0.30913
0.699711 0.0591073 0.309319
0.699687 0.0590075 0.309444
0.699648 0.0588494 0.309639
0.699605 0.0586783 0.309847
0.69954 0.058414 0.310149
0.699484 0.0581979 0.31039
0.699426 0.0579672 0.310641
0.699363 0.0577255 0.310899
0.699301 0.05748 0.311156
0.699238 0.0572265 0.311415
0.699178 0.0569745 0.311673
0.699112 0.0567078 0.311944
0.699049 0.0564411 0.312211
0.698982 0.05616 0.312492
0.698913 0.0558588 0.312783
0.698842 0.0555513 0.313078
0.698766 0.0552336 0.313377
0.698697 0.0549451 0.313641
0.698624 0.0546407 0.313914
0.698549 0.054336 0.314185
0.69847 0.0540296 0.314453
0.698391 0.0537143 0.314721
0.698312 0.053403 0.314983
0.698227 0.0530891 0.315239
0.698136 0.0527557 0.315508
0.698081 0.0525557 0.315668
0.697961 0.0521392 0.316006
0.697879 0.0518807 0.316218
0.697807 0.0518165 0.316268
0.697658 0.0518158 0.316421
0.697443 0.0518462 0.31659
0.697182 0.0517909 0.316748
0.696919 0.0517111 0.316889
0.696662 0.0516731 0.317057
0.696399 0.0516758 0.317244
0.696148 0.0517293 0.317373
0.695925 0.0518262 0.317458
0.695727 0.051922 0.317541
0.69555 0.0520167 0.317595
0.695376 0.0520888 0.317642
0.695216 0.0521512 0.317683
0.695069 0.0522109 0.317714
0.694934 0.0522749 0.317737
0.694814 0.0523499 0.31775
0.694712 0.0524308 0.317755
0.694629 0.0525013 0.317757
0.694582 0.0525437 0.317751
0.694502 0.0526265 0.317742
0.694466 0.0526758 0.317726
0.694442 0.0527197 0.317706
0.694431 0.0527488 0.31769
0.69442 0.052814 0.317646
0.694427 0.0528545 0.317605
0.694447 0.0528869 0.317562
0.694479 0.0529124 0.317512
0.694521 0.0529356 0.317455
0.694566 0.0529567 0.317398
0.694619 0.0529818 0.317334
0.694675 0.0530109 0.317268
0.694736 0.0530416 0.317198
0.694804 0.0530698 0.317119
0.694875 0.0530955 0.317038
0.694949 0.0531184 0.316949
0.695022 0.0531419 0.316856
0.695096 0.0531713 0.316757
0.695172 0.0532055 0.31665
0.695248 0.0532415 0.316537
0.695329 0.0532802 0.316413
0.69541 0.0533191 0.316282
0.695491 0.0533592 0.316144
0.695568 0.0533983 0.316004
0.69564 0.0534439 0.315861
0.695715 0.0534966 0.315708
0.695789 0.0535554 0.315554
0.695862 0.0536159 0.315392
0.695937 0.05368 0.315229
0.696014 0.0537451 0.315052
0.696089 0.0538138 0.314875
0.696161 0.0538883 0.314698
0.696234 0.053967 0.314515
0.696309 0.0540582 0.314321
0.696386 0.0541527 0.314122
0.696466 0.0542555 0.313912
0.69654 0.05435 0.313705
0.696615 0.0544639 0.313488
0.696677 0.054571 0.313286
0.696736 0.054681 0.313084
0.696789 0.054794 0.312881
0.69684 0.0549146 0.31267
0.69689 0.0550466 0.31244
0.69693 0.0551731 0.312223
0.69697 0.055315 0.311981
0.697 0.0554539 0.311759
0.697027 0.0555981 0.311528
0.69704 0.0556883 0.311385
0.697062 0.0558942 0.311054
0.697073 0.0560502 0.310814
0.697083 0.0562081 0.310572
0.697085 0.0563638 0.310338
0.697081 0.0565076 0.310121
0.697074 0.0566589 0.3099
0.697066 0.0568097 0.309682
0.697053 0.0569679 0.309464
0.697037 0.0571246 0.309247
0.697025 0.0572182 0.309118
0.696997 0.0574064 0.308864
0.696984 0.0574907 0.308753
0.696952 0.0576661 0.308517
0.696936 0.0577414 0.308418
0.696907 0.0579024 0.308216
0.696895 0.0579751 0.308128
0.696872 0.0581161 0.307959
0.696859 0.0582042 0.307861
0.696846 0.0582893 0.307769
0.696837 0.0583658 0.307692
0.69683 0.0584366 0.307632
0.696829 0.0584908 0.307594
0.696832 0.0585392 0.30757
0.696838 0.0585755 0.307564
0.69685 0.0586005 0.307576
0.696865 0.0586141 0.307605
0.696886 0.0586172 0.307656
0.696912 0.0586112 0.307726
0.696944 0.0585934 0.307816
0.696983 0.0585636 0.307926
0.697022 0.0585197 0.308049
0.697066 0.0584659 0.308188
0.697111 0.0584035 0.308335
0.697161 0.0583292 0.308491
0.697217 0.0582533 0.308658
0.697274 0.0581542 0.308843
0.697332 0.0580559 0.309024
0.697369 0.057992 0.309141
0.697444 0.0578384 0.3094
0.6975 0.0577235 0.309586
0.697555 0.0575928 0.309783
0.697612 0.0574582 0.309978
0.697664 0.0573149 0.310175
0.697711 0.0571641 0.310371
0.69776 0.0570099 0.310568
0.697802 0.056847 0.310761
0.697845 0.0566793 0.310949
0.697885 0.0565072 0.311134
0.69792 0.0563192 0.311321
0.697942 0.056199 0.311438
0.697983 0.0559504 0.311671
0.697997 0.055834 0.311776
0.698021 0.0555643 0.312006
0.698035 0.0553789 0.312161
0.698042 0.0551832 0.312322
0.698043 0.0549915 0.312476
0.69804 0.05487 0.312573
0.69803 0.0546853 0.312719
0.698012 0.0544436 0.312914
0.697988 0.0542677 0.313057
0.697961 0.0540936 0.313199
0.697929 0.0539284 0.313334
0.697895 0.0537733 0.313462
0.697854 0.0536117 0.313594
0.69781 0.0534534 0.313725
0.697762 0.0532935 0.313854
0.697713 0.0531465 0.313973
0.697664 0.0530074 0.314086
0.697618 0.0528807 0.314188
0.697569 0.0527559 0.31429
0.697525 0.0526463 0.314378
0.697497 0.0525798 0.314433
0.697435 0.0524447 0.314543
0.697407 0.0523869 0.314591
0.697344 0.0522758 0.314684
0.697316 0.0522317 0.314722
0.697253 0.0521432 0.314802
0.697207 0.0520926 0.314851
0.697159 0.0520495 0.314898
0.697115 0.0520189 0.314938
0.697071 0.0519978 0.31497
0.697029 0.0519859 0.314997
0.696986 0.0519823 0.315016
0.696941 0.0519865 0.315031
0.696898 0.0519971 0.315038
0.696861 0.0520182 0.315039
0.696827 0.0520462 0.315034
0.696797 0.0520829 0.315023
0.696762 0.0521245 0.315012
0.696733 0.0521709 0.314993
0.696706 0.0522215 0.314964
0.696683 0.0522802 0.314927
0.696661 0.0523396 0.314885
0.696641 0.0524038 0.314836
0.696621 0.0524718 0.314783
0.696604 0.0525452 0.31472
0.696595 0.0525955 0.314679
0.696584 0.0526983 0.314588
0.69658 0.0527784 0.314513
0.696581 0.0528628 0.31443
0.696582 0.0529418 0.314348
0.696589 0.053027 0.314258
0.696597 0.0531139 0.314166
0.696606 0.0532007 0.314071
0.696612 0.0532836 0.313975
0.696623 0.0533763 0.313868
0.696634 0.0534647 0.313761
0.696647 0.0535559 0.313657
0.696661 0.053644 0.313553
0.69668 0.0537371 0.31345
0.696702 0.0538309 0.313353
0.696727 0.0539274 0.313254
0.696757 0.0540263 0.313156
0.696792 0.0541281 0.313062
0.696827 0.05422 0.312976
0.696868 0.0543216 0.312889
0.696909 0.0544254 0.312804
0.696952 0.0545314 0.312726
0.696997 0.0546339 0.312661
0.697045 0.0547385 0.312606
0.697098 0.0548435 0.312564
0.697151 0.0549497 0.312534
0.697206 0.0550554 0.312516
0.697271 0.0551721 0.312512
0.697334 0.05528 0.312521
0.697395 0.0553821 0.312547
0.69746 0.0554881 0.312589
0.697525 0.0555936 0.312646
0.697593 0.0556958 0.312708
0.697665 0.0558039 0.312784
0.69774 0.0559123 0.312878
0.697812 0.0560175 0.312984
0.697887 0.0561253 0.313105
0.697965 0.0562365 0.313237
0.698041 0.0563496 0.313377
0.698117 0.056463 0.313525
0.69819 0.0565751 0.313679
0.698262 0.0566857 0.313845
0.698329 0.0567943 0.314016
0.698399 0.0569061 0.314193
0.698467 0.0570192 0.314376
0.698526 0.057129 0.314566
0.69859 0.0572361 0.314748
0.698649 0.0573489 0.314944
0.698699 0.0574545 0.315129
0.698751 0.0575618 0.315316
0.698795 0.0576737 0.315508
0.698838 0.0577837 0.315697
0.698874 0.0578851 0.315873
0.69891 0.0579914 0.316044
0.698935 0.0580924 0.316213
0.698964 0.0582045 0.316374
0.698987 0.0583186 0.316527
0.699004 0.058435 0.316677
0.699019 0.058558 0.316815
0.699024 0.0586796 0.316949
0.69903 0.0588094 0.317079
0.699029 0.0589413 0.317197
0.699025 0.0590825 0.317312
0.699014 0.0592235 0.317417
0.699001 0.0593705 0.31751
0.698986 0.0595255 0.317598
0.698965 0.0596837 0.317675
0.698944 0.0598449 0.317743
0.69892 0.0600115 0.317804
0.698894 0.0601786 0.317854
0.698865 0.0603491 0.317894
0.698836 0.0605194 0.317927
0.698805 0.0606934 0.317954
0.698777 0.0608678 0.317967
0.69875 0.0610395 0.31797
0.69872 0.0612126 0.317964
0.69869 0.0613788 0.317952
0.69866 0.0615461 0.317928
0.698629 0.0617093 0.317898
0.698597 0.0618712 0.317856
0.698566 0.0620223 0.317807
0.698536 0.0621687 0.317748
0.698508 0.0623081 0.317678
0.698482 0.0624422 0.317598
0.698459 0.0625684 0.317511
0.698437 0.0626879 0.317414
0.698419 0.0628029 0.317309
0.698402 0.0629044 0.3172
0.698389 0.0629993 0.317088
0.698381 0.063096 0.316963
0.69838 0.0631856 0.316833
0.698382 0.0632694 0.316698
0.698388 0.0633497 0.316559
0.698398 0.0634251 0.316413
0.698412 0.063498 0.316266
0.698429 0.0635658 0.316116
0.698448 0.0636247 0.315966
0.698474 0.0636809 0.315804
0.698499 0.0637349 0.315641
0.698528 0.063782 0.315475
0.698563 0.0638196 0.315308
0.698603 0.0638589 0.315134
0.698643 0.0638929 0.314959
0.698687 0.0639205 0.314784
0.698734 0.0639438 0.31461
0.698784 0.0639626 0.314434
0.698839 0.0639785 0.314256
0.698894 0.0639865 0.314084
0.698953 0.0639945 0.313912
0.69902 0.0640014 0.313733
0.699087 0.0640054 0.313561
0.699157 0.0640064 0.313386
0.699228 0.0640037 0.313216
0.699304 0.0639964 0.313047
0.69938 0.0639864 0.312879
0.699455 0.0639717 0.312715
0.69953 0.0639535 0.312552
0.699604 0.0639297 0.312392
0.699675 0.0639019 0.312231
0.699745 0.0638733 0.312072
0.699813 0.0638403 0.311915
0.69988 0.0638068 0.311757
0.699943 0.0637699 0.311607
0.700006 0.0637312 0.311454
0.700066 0.0636881 0.311307
0.700125 0.0636428 0.311163
0.700178 0.0635941 0.311021
0.700231 0.0635396 0.310881
0.70028 0.0634838 0.310744
0.700324 0.0634234 0.310612
0.700364 0.0633577 0.310487
0.700401 0.063287 0.310358
0.700435 0.0632177 0.310241
0.700463 0.0631444 0.310122
0.700488 0.0630603 0.31002
0.700513 0.0629716 0.309919
0.700532 0.0628797 0.30983
0.700551 0.0627833 0.309744
0.700564 0.0626842 0.309669
0.700573 0.0625762 0.309601
0.700581 0.0624601 0.309551
0.700584 0.062339 0.309507
0.700585 0.0622097 0.309469
0.70058 0.0620769 0.309439
0.700576 0.0619431 0.309415
0.700573 0.0618021 0.309403
0.700565 0.0616529 0.309401
0.700555 0.0615017 0.309404
0.700542 0.0613525 0.309415
0.700532 0.0611901 0.309439
0.700523 0.0610237 0.309473
0.700509 0.0608482 0.309514
0.700494 0.0606851 0.309559
0.700478 0.0605082 0.309613
0.700457 0.060329 0.309674
0.700438 0.0601471 0.30974
0.70042 0.0599585 0.309821
0.700399 0.0597689 0.309904
0.700374 0.0595744 0.309994
0.70035 0.0593797 0.310087
0.700326 0.0591807 0.310186
0.700304 0.0589816 0.31029
0.700283 0.0587845 0.310398
0.700261 0.0585829 0.31051
0.700239 0.0583846 0.310623
0.700214 0.0581826 0.310738
0.700188 0.0579796 0.310855
0.700161 0.0577786 0.310972
0.700133 0.0575794 0.311088
0.700105 0.0573808 0.311205
0.700074 0.0571862 0.311321
0.700043 0.0569964 0.311433
0.70001 0.0568037 0.311548
0.699978 0.0566234 0.311659
0.699943 0.0564375 0.311773
0.699912 0.0562661 0.311879
0.69988 0.0560918 0.311991
0.69985 0.0559259 0.312098
0.699823 0.0557703 0.312202
0.699794 0.0556153 0.312309
0.699766 0.0554638 0.312415
0.699739 0.0553284 0.312512
0.699713 0.0551887 0.312615
0.699685 0.0550504 0.312717
0.699659 0.0549162 0.312819
0.699632 0.0547827 0.312922
0.699607 0.0546619 0.313018
0.69958 0.0545467 0.313112
0.699555 0.0544386 0.313201
0.699529 0.0543297 0.313292
0.699504 0.0542294 0.313378
0.699478 0.0541283 0.313468
0.699451 0.054028 0.313557
0.699424 0.0539326 0.313645
0.6994 0.0538449 0.313727
0.699374 0.0537587 0.313812
0.699348 0.0536739 0.313896
0.699325 0.0535974 0.313978
0.699301 0.0535231 0.314062
0.699278 0.0534508 0.314147
0.699258 0.0533854 0.31423
0.699238 0.0533215 0.314313
0.699217 0.0532625 0.314397
0.699197 0.0532092 0.314478
0.69918 0.0531635 0.314557
0.69916 0.0531187 0.314636
0.699141 0.0530817 0.314711
0.699121 0.0530475 0.314784
0.699105 0.0530231 0.314856
0.699089 0.0530036 0.314924
0.699076 0.0529905 0.314989
0.699064 0.0529843 0.31505
0.699054 0.0529838 0.315106
0.699046 0.0529924 0.315156
0.699039 0.0530081 0.315201
0.699034 0.0530302 0.315242
0.69903 0.0530559 0.315276
0.699025 0.0530844 0.315305
0.699025 0.0531206 0.315329
0.699026 0.0531617 0.315346
0.699029 0.0532092 0.315357
0.699035 0.0532615 0.315358
0.699044 0.0533187 0.315357
0.699053 0.0533766 0.31535
0.699067 0.0534414 0.31534
0.699082 0.0535112 0.315324
0.699098 0.0535831 0.315305
0.699116 0.0536591 0.315278
0.699135 0.053738 0.315244
0.699155 0.0538204 0.315205
0.699174 0.0539043 0.315159
0.699197 0.0539951 0.315106
0.699218 0.0540847 0.31505
0.69924 0.0541763 0.314993
0.699264 0.0542756 0.314929
0.699289 0.0543785 0.314861
0.699315 0.0544813 0.314793
0.699341 0.0545855 0.314722
0.699368 0.0546953 0.314645
0.699395 0.0548051 0.314568
0.699421 0.0549179 0.314486
0.699446 0.055032 0.314402
0.699473 0.0551503 0.314314
0.699536 0.0554566 0.314082
0.699562 0.0555804 0.313985
0.699588 0.0557021 0.313892
0.699616 0.0558363 0.313789
0.699642 0.0559663 0.313687
0.699668 0.0560955 0.313588
0.699694 0.0562296 0.313486
0.699718 0.0563615 0.313384
0.699743 0.0564997 0.31328
0.699765 0.0566288 0.31318
0.699786 0.0567633 0.313077
0.699807 0.056902 0.31297
0.699826 0.0570314 0.312871
0.699845 0.0571678 0.312767
0.699863 0.0572971 0.312668
0.69988 0.057422 0.312571
0.699899 0.0575565 0.312467
0.699918 0.0576833 0.312369
0.699935 0.05781 0.312274
0.699952 0.0579316 0.312181
0.699971 0.0580546 0.31209
0.699988 0.0581719 0.312003
0.700007 0.0582899 0.311919
0.700026 0.0584029 0.31184
0.700043 0.0585138 0.311763
0.700063 0.058619 0.311689
0.700081 0.058725 0.311619
0.7001 0.0588253 0.311551
0.700118 0.0589215 0.311485
0.700134 0.059012 0.311422
0.70015 0.0590955 0.31136
0.700168 0.059179 0.3113
0.700186 0.0592562 0.311241
0.700206 0.0593244 0.311184
0.70023 0.0593927 0.311131
0.700256 0.0594556 0.311084
0.700283 0.0595158 0.311037
0.700311 0.0595679 0.310999
0.700339 0.0596138 0.310963
0.700365 0.0596555 0.310928
0.700389 0.0596917 0.310896
0.70041 0.0597223 0.310865
0.700428 0.0597444 0.310836
0.700444 0.0597624 0.310806
0.700458 0.0597733 0.31078
0.700469 0.059778 0.310756
0.700477 0.0597763 0.310732
0.700484 0.0597698 0.310712
0.700489 0.0597576 0.310692
0.700494 0.0597406 0.310675
0.700498 0.0597201 0.310658
0.700499 0.0596927 0.310647
0.700498 0.059661 0.310637
0.700495 0.0596273 0.31063
0.700489 0.0595907 0.310625
0.700481 0.0595513 0.310622
0.700469 0.0595078 0.310624
0.700456 0.0594643 0.31063
0.70044 0.059418 0.310639
0.700423 0.0593697 0.310656
0.700407 0.0593243 0.310675
0.700391 0.0592763 0.310699
0.700374 0.0592262 0.310728
0.700361 0.0591755 0.310762
0.700343 0.05912 0.310799
0.700324 0.0590617 0.310841
0.700305 0.0590007 0.310884
0.700284 0.0589314 0.310933
0.70026 0.0588614 0.310982
0.700236 0.0587872 0.311036
0.700213 0.0587132 0.311095
0.700187 0.0586322 0.311157
0.700163 0.0585498 0.311223
0.700137 0.0584683 0.311294
0.700113 0.0583813 0.311373
0.700086 0.0582943 0.311456
0.70006 0.0582088 0.311544
0.700035 0.0581213 0.31164
0.700009 0.0580324 0.311737
0.699983 0.0579436 0.311841
0.699955 0.057852 0.311949
0.699927 0.0577648 0.312061
0.6999 0.057672 0.312179
0.699873 0.0575798 0.312297
0.699846 0.057485 0.312422
0.699818 0.0573895 0.312552
0.69979 0.0573009 0.312674
0.69976 0.0572096 0.312801
0.699728 0.0571179 0.312934
0.699694 0.0570212 0.313068
0.699664 0.0569285 0.313196
0.699631 0.056836 0.313328
0.699595 0.0567394 0.313465
0.699562 0.0566483 0.313598
0.699533 0.0565619 0.313723
0.699501 0.0564735 0.313848
0.69947 0.056385 0.313975
0.699438 0.056298 0.314101
0.699403 0.0562069 0.314232
0.69937 0.0561243 0.314357
0.699339 0.0560484 0.314471
0.699308 0.0559747 0.314581
0.699275 0.0559018 0.314691
0.69924 0.0558289 0.314796
0.699207 0.055763 0.314895
0.699174 0.0557014 0.314987
0.699143 0.0556473 0.315068
0.699107 0.0555845 0.315159
0.699072 0.0555256 0.315238
0.699042 0.0554763 0.315305
0.699015 0.0554311 0.315367
0.698988 0.0553878 0.315422
0.698964 0.055353 0.31547
0.698941 0.0553201 0.315514
0.69892 0.0552921 0.31555
0.6989 0.0552711 0.315581
0.698882 0.0552521 0.315607
0.698864 0.0552409 0.315626
0.69885 0.0552359 0.315641
0.698837 0.0552358 0.315649
0.698827 0.0552433 0.315654
0.698819 0.0552586 0.315655
0.698813 0.0552781 0.315652
0.698808 0.0553075 0.315644
0.698804 0.0553449 0.315637
0.698799 0.0553896 0.315623
0.698794 0.0554428 0.315606
0.698791 0.0555017 0.315586
0.69879 0.0555704 0.315559
0.698791 0.0556439 0.315529
0.698789 0.0557155 0.315502
0.698792 0.0558031 0.315463
0.698798 0.0559027 0.315419
0.698805 0.056005 0.315376
0.698813 0.0561121 0.31533
0.698823 0.056224 0.315281
0.698835 0.0563436 0.315229
0.698847 0.0564701 0.315173
0.69886 0.0566036 0.315111
0.698873 0.0567361 0.315049
0.698886 0.0568777 0.314981
0.6989 0.0570254 0.314909
0.698912 0.0571717 0.31484
0.698926 0.0573245 0.314761
0.698939 0.0574793 0.314681
0.698951 0.057638 0.314596
0.698965 0.0578017 0.314504
0.698977 0.0579644 0.31441
0.698991 0.0581294 0.314313
0.699006 0.0582952 0.314211
0.699021 0.0584606 0.314108
0.699036 0.0586298 0.314003
0.69905 0.0587965 0.313897
0.699064 0.0589643 0.313792
0.699077 0.0591303 0.313687
0.699091 0.0592993 0.313579
0.699103 0.0594665 0.313472
0.699113 0.05963 0.313366
0.69912 0.0597953 0.313259
0.699125 0.0599561 0.313156
0.699126 0.060118 0.313052
0.699127 0.0602733 0.312952
0.699124 0.0604256 0.312853
0.699121 0.0605769 0.312757
0.699116 0.0607231 0.312664
0.699108 0.0608677 0.312574
0.6991 0.0610114 0.312487
0.699089 0.0611528 0.312404
0.699078 0.0612793 0.312329
0.699067 0.0614041 0.312258
0.699053 0.0615301 0.312188
0.699041 0.0616454 0.312127
0.69903 0.0617526 0.312072
0.69902 0.0618545 0.312023
0.69901 0.0619498 0.31198
0.699 0.0620345 0.311946
0.698991 0.0621129 0.31192
0.698984 0.0621812 0.311897
0.698979 0.0622385 0.311882
0.698976 0.0622836 0.311878
0.698974 0.0623209 0.311879
0.698972 0.0623505 0.311886
0.698973 0.0623701 0.311905
0.698978 0.0623833 0.311927
0.698984 0.0623879 0.311962
0.69899 0.0623857 0.312006
0.698996 0.0623781 0.312061
0.699002 0.0623679 0.312126
0.699006 0.0623529 0.312201
0.699011 0.0623299 0.312287
0.699015 0.0623026 0.312382
0.699017 0.0622683 0.312491
0.699021 0.0622334 0.312611
0.699022 0.0621937 0.31274
0.699024 0.0621521 0.31288
0.699026 0.0621062 0.313027
0.699028 0.0620598 0.313184
0.69903 0.0620106 0.313351
0.699028 0.0619575 0.313529
0.699024 0.0618973 0.313713
0.699017 0.0618386 0.313907
0.699013 0.0617884 0.314103
0.699008 0.0617284 0.314312
0.699001 0.061665 0.314524
0.698995 0.0616033 0.314744
0.698986 0.0615422 0.314972
0.698978 0.0614837 0.315197
0.698966 0.0614203 0.315428
0.698954 0.0613584 0.31566
0.698943 0.0612991 0.315895
0.698927 0.0612386 0.316124
0.698911 0.0611741 0.316363
0.698894 0.0611118 0.316594
0.698872 0.0610512 0.316819
0.698851 0.0609894 0.317046
0.698828 0.0609302 0.317262
0.698807 0.0608733 0.317472
0.698784 0.0608173 0.317675
0.698756 0.06076 0.317872
0.698731 0.0607056 0.318056
0.698705 0.0606526 0.31823
0.698676 0.0606028 0.318394
0.698646 0.0605526 0.318545
0.698616 0.0605077 0.318686
0.698585 0.0604663 0.318809
0.698554 0.0604278 0.318918
0.698534 0.0604026 0.318982
0.698485 0.0603514 0.319106
0.698452 0.0603232 0.319173
0.698416 0.0602962 0.319229
0.698395 0.0602814 0.319257
0.698349 0.0602508 0.319303
0.698318 0.0602337 0.31932
0.698284 0.0602174 0.319329
0.698252 0.0602047 0.319324
0.698221 0.0601953 0.319307
0.698193 0.0601885 0.31928
0.698168 0.0601844 0.319245
0.698143 0.0601844 0.319199
0.698117 0.0601871 0.319142
0.698092 0.0601958 0.319079
0.698067 0.060211 0.318999
0.698042 0.0602271 0.318914
0.698016 0.0602465 0.318816
0.697993 0.0602756 0.318707
0.697971 0.0603103 0.318588
0.697953 0.0603496 0.318466
0.697942 0.0603761 0.318388
0.697916 0.0604341 0.318216
0.697906 0.060467 0.318131
0.697886 0.060547 0.31793
0.697872 0.0606095 0.317777
0.697865 0.0606818 0.317613
0.697857 0.0607595 0.317439
0.697849 0.0608338 0.317271
0.697845 0.060885 0.317162
0.697837 0.0609993 0.316924
0.697834 0.0610514 0.316815
0.697826 0.0611478 0.316621
0.697821 0.0612479 0.316426
0.697818 0.0613892 0.316153
0.697811 0.0614929 0.315954
0.697805 0.0616104 0.315743
0.697802 0.0617247 0.315536
0.697798 0.0617883 0.315417
0.697794 0.0619444 0.315142
0.697787 0.0620543 0.314945
0.697785 0.0621759 0.314734
0.697786 0.0623062 0.314519
0.697787 0.0624365 0.314305
0.697786 0.0625568 0.31411
0.697787 0.0626439 0.313976
0.697791 0.0628171 0.313704
0.697796 0.0629469 0.313514
0.697806 0.0630757 0.313323
0.697814 0.0632105 0.313146
0.697826 0.0633484 0.312963
0.69784 0.0634824 0.312791
0.697847 0.0635711 0.312683
0.697866 0.0637541 0.312465
0.69788 0.0638865 0.312315
0.697896 0.0640202 0.312168
0.697912 0.064148 0.312037
0.697932 0.0642778 0.311905
0.697955 0.0644083 0.311782
0.69797 0.064491 0.311708
0.698007 0.064659 0.311562
0.698036 0.0647807 0.311461
0.698067 0.0648985 0.311369
0.698103 0.065012 0.31129
0.69813 0.0650882 0.311245
0.698174 0.0651979 0.311183
0.698234 0.0653311 0.311124
0.698284 0.0654295 0.311093
0.69832 0.065493 0.311081
0.698396 0.0656117 0.311069
0.698457 0.0656954 0.311075
0.698501 0.0657481 0.311088
0.698593 0.0658467 0.311131
0.698664 0.0659155 0.311178
0.698708 0.0659543 0.311211
0.698804 0.0660255 0.311296
0.698878 0.0660764 0.311373
0.698948 0.0661159 0.311456
0.699018 0.0661524 0.311546
0.699089 0.0661784 0.311649
0.699154 0.0662009 0.311752
0.699215 0.0662175 0.311864
0.699284 0.0662305 0.311996
0.699353 0.0662347 0.312133
0.699422 0.0662387 0.312276
0.699487 0.0662365 0.312428
0.699552 0.0662307 0.312587
0.699613 0.0662191 0.312749
0.699675 0.0662044 0.312921
0.699729 0.0661845 0.313093
0.699788 0.0661645 0.313269
0.699839 0.066139 0.313448
0.699895 0.0661106 0.313634
0.699943 0.0660797 0.313812
0.699991 0.0660441 0.314005
0.700031 0.0660114 0.314178
0.700073 0.0659697 0.314384
0.70011 0.0659317 0.314567
0.700141 0.0658828 0.314754
0.70017 0.0658361 0.314939
0.700198 0.0657861 0.315122
0.700221 0.0657382 0.315299
0.700236 0.0657065 0.31541
0.700253 0.0656414 0.315633
0.700261 0.0656061 0.315742
0.700276 0.065539 0.315968
0.700283 0.0654864 0.316121
0.700287 0.0654393 0.31627
0.700292 0.0653865 0.316424
0.700297 0.0653365 0.316567
0.700298 0.0652842 0.316704
0.700295 0.0652312 0.316842
0.700295 0.065197 0.316922
0.700296 0.0651436 0.317049
0.70029 0.0650732 0.317214
0.700288 0.0650167 0.317334
0.700285 0.0649813 0.317402
0.700277 0.0649295 0.317511
0.700262 0.0648574 0.317652
0.700251 0.0648043 0.31775
0.700238 0.0647483 0.317843
0.700223 0.0646934 0.31793
0.700205 0.0646435 0.31801
0.700184 0.0645964 0.318082
0.700171 0.0645652 0.318125
0.700147 0.0645185 0.318188
0.700123 0.0644734 0.318246
0.700098 0.0644317 0.318299
0.700067 0.0643831 0.318359
0.700045 0.0643521 0.318397
0.700024 0.0643288 0.31843
0.700001 0.0643078 0.318461
0.699978 0.0642952 0.318482
0.699964 0.0642902 0.318493
0.699932 0.0642882 0.318507
0.699911 0.0642949 0.318508
0.699892 0.0643068 0.318501
0.699876 0.0643238 0.318488
0.69986 0.0643441 0.318468
0.699848 0.0643689 0.31844
0.699838 0.064398 0.318406
0.69983 0.0644311 0.318364
0.699824 0.0644651 0.318316
0.69982 0.0644992 0.318264
0.699819 0.064541 0.318202
0.699821 0.0645913 0.318132
0.699823 0.0646484 0.318053
0.699829 0.0647087 0.317969
0.699836 0.0647724 0.317882
0.699847 0.0648428 0.317789
0.699861 0.0649176 0.317688
0.699877 0.0649984 0.317583
0.699893 0.0650824 0.317475
0.699911 0.0651747 0.317362
0.699929 0.065268 0.317247
0.699946 0.065361 0.317131
0.699965 0.0654637 0.317006
0.699984 0.0655711 0.316874
0.700004 0.0656751 0.316748
0.700021 0.0657901 0.316616
0.700046 0.0659022 0.316481
0.700071 0.0660131 0.316352
0.700096 0.0661344 0.316219
0.700125 0.0662559 0.316085
0.700155 0.0663773 0.315957
0.700189 0.0664976 0.315826
0.700224 0.0666207 0.315696
0.700265 0.0667424 0.315569
0.700308 0.0668729 0.315438
0.700354 0.0669917 0.315314
0.7004 0.067115 0.31519
0.700452 0.0672324 0.315068
0.700506 0.0673502 0.314952
0.700563 0.0674673 0.31484
0.70063 0.0675878 0.314722
0.700668 0.0676558 0.314657
0.700758 0.0677976 0.314514
0.700826 0.0679014 0.314412
0.700892 0.0679915 0.314318
0.700963 0.0680858 0.314224
0.701035 0.0681718 0.314136
0.701111 0.0682554 0.314049
0.701185 0.0683279 0.313955
0.701262 0.0684024 0.313871
0.701346 0.0684696 0.313782
0.701427 0.0685324 0.3137
0.701511 0.0685886 0.313611
0.701592 0.0686391 0.313529
0.701674 0.0686829 0.313441
0.701752 0.0687213 0.31336
0.701827 0.0687566 0.313276
0.701898 0.0687865 0.313195
0.701966 0.0688112 0.313108
0.702025 0.0688307 0.313024
0.702082 0.0688471 0.312931
0.702141 0.0688579 0.312827
0.702198 0.0688666 0.312716
0.702248 0.0688723 0.312613
0.702303 0.0688733 0.312493
0.702344 0.0688701 0.312391
0.702388 0.0688649 0.312275
0.702431 0.0688585 0.312154
0.702469 0.0688489 0.312042
0.702505 0.0688384 0.311923
0.702534 0.0688248 0.311811
0.702558 0.0688126 0.311702
0.702577 0.0687975 0.311589
0.702591 0.0687804 0.311475
0.7026 0.0687591 0.311364
0.702607 0.0687379 0.311252
0.702612 0.068717 0.31114
0.702616 0.0686939 0.311022
0.702619 0.0686697 0.310908
0.702615 0.0686436 0.310801
0.70261 0.0686176 0.310694
0.702602 0.0685897 0.310585
0.702588 0.0685576 0.310481
0.702573 0.068529 0.310382
0.702557 0.0685017 0.310282
0.702535 0.0684704 0.310185
0.702508 0.0684338 0.31009
0.702476 0.0683977 0.309996
0.702443 0.0683629 0.309908
0.702409 0.068327 0.309825
0.702369 0.0682883 0.309745
0.70233 0.0682484 0.309671
0.702286 0.0682043 0.309603
0.70224 0.0681571 0.309539
0.702194 0.068111 0.309484
0.702142 0.068061 0.309433
0.702089 0.0680089 0.309391
0.702037 0.0679543 0.309358
0.70198 0.0678902 0.30933
0.701924 0.067827 0.309311
0.701867 0.0677584 0.309298
0.701806 0.0676845 0.309296
0.701749 0.0676135 0.309305
0.701684 0.0675302 0.309319
0.701616 0.0674459 0.309348
0.701548 0.0673571 0.309388
0.701481 0.0672648 0.309436
0.701412 0.0671648 0.309495
0.701335 0.0670549 0.309561
0.701266 0.0669471 0.30964
0.70119 0.0668321 0.309735
0.701121 0.066715 0.309838
0.701051 0.0665885 0.309959
0.700981 0.0664582 0.310093
0.700916 0.0663222 0.310235
0.700851 0.0661801 0.310389
0.700788 0.0660359 0.310555
0.700729 0.0658866 0.310736
0.70067 0.0657311 0.310924
0.700613 0.0655719 0.311123
0.700557 0.0654087 0.311339
0.700504 0.0652418 0.311554
0.700451 0.0650701 0.311782
0.700399 0.0648944 0.31202
0.700347 0.0647195 0.312269
0.700302 0.0645384 0.312513
0.700255 0.0643579 0.31277
0.700206 0.0641798 0.313029
0.700159 0.0639955 0.313298
0.700115 0.0638123 0.313569
0.70007 0.0636348 0.313838
0.700026 0.0634515 0.314112
0.699981 0.0632725 0.314386
0.699933 0.0630965 0.314658
0.699886 0.0629157 0.314932
0.699837 0.0627477 0.315192
0.699787 0.0625734 0.315463
0.699736 0.0624018 0.315726
0.699686 0.0622353 0.315983
0.699635 0.0620722 0.31624
0.699581 0.0619127 0.316492
0.699529 0.0617569 0.316738
0.699478 0.0616033 0.31698
0.699426 0.0614593 0.317215
0.699377 0.0613178 0.317443
0.699333 0.0611844 0.317663
0.699284 0.0610565 0.317882
0.699241 0.0609365 0.318086
0.699194 0.0608222 0.31829
0.69915 0.0607148 0.318483
0.699111 0.0606191 0.318667
0.699073 0.0605271 0.318846
0.699034 0.0604435 0.319013
0.698997 0.0603677 0.319171
0.698962 0.0603039 0.319322
0.698927 0.060246 0.319465
0.698895 0.0601992 0.319593
0.698863 0.0601584 0.319714
0.698834 0.0601263 0.319825
0.698807 0.0601063 0.319929
0.698783 0.0600947 0.32002
0.698763 0.0600925 0.320101
0.698742 0.0600962 0.320174
0.698722 0.0601093 0.320241
0.698703 0.0601323 0.320295
0.698689 0.0601632 0.32034
0.69868 0.0602017 0.320372
0.698671 0.0602437 0.320395
0.698668 0.0602929 0.320409
0.698664 0.0603424 0.320413
0.698664 0.0603986 0.320404
0.698666 0.0604587 0.320383
0.698669 0.0605233 0.320352
0.698675 0.0605876 0.320312
0.698682 0.0606583 0.320263
0.69869 0.0607367 0.320205
0.698698 0.0608151 0.320141
0.698707 0.0609001 0.320065
0.698718 0.0609867 0.319984
0.698728 0.0610806 0.319892
0.69874 0.0611786 0.319792
0.698753 0.0612819 0.319682
0.698763 0.0613868 0.31957
0.698775 0.0614981 0.319445
0.698785 0.0616059 0.319313
0.698795 0.0617171 0.31917
0.698804 0.0618305 0.319019
0.698813 0.0619448 0.318865
0.698824 0.0620636 0.318698
0.698833 0.0621821 0.31852
0.698839 0.0623048 0.318334
0.698845 0.062423 0.318144
0.698845 0.0625416 0.317945
0.698842 0.0626611 0.317735
0.69884 0.0627827 0.317517
0.698828 0.0629061 0.317291
0.698817 0.0630301 0.317057
0.698798 0.0631436 0.31682
0.698776 0.0632701 0.316573
0.698751 0.0633873 0.316319
0.698725 0.0635107 0.316052
0.698688 0.0636332 0.315787
0.698655 0.0637562 0.315512
0.698618 0.0638762 0.315231
0.698581 0.0640057 0.314946
0.698543 0.0641254 0.314654
0.698506 0.064257 0.314358
0.698466 0.064383 0.314062
0.69843 0.0645134 0.313765
0.698393 0.0646435 0.313466
0.698355 0.064773 0.313167
0.698318 0.0649021 0.312868
0.698283 0.0650351 0.312574
0.698247 0.0651675 0.312279
0.698215 0.0653028 0.311988
0.698182 0.0654393 0.311702
0.698146 0.0655757 0.311418
0.69811 0.0657099 0.311143
0.698076 0.0658457 0.310873
0.698042 0.0659834 0.31061
0.698008 0.0661202 0.310355
0.697973 0.0662623 0.31011
0.697943 0.0663991 0.309875
0.697911 0.0665354 0.309656
0.697883 0.0666713 0.30944
0.697857 0.0668048 0.309238
0.697831 0.0669379 0.309052
0.697807 0.067072 0.308872
0.697787 0.0671961 0.308715
0.697767 0.0673201 0.308561
0.697748 0.0674417 0.308425
0.697731 0.0675569 0.308305
0.697717 0.0676687 0.308201
0.697708 0.067776 0.308116
0.697703 0.067874 0.30805
0.697699 0.0679731 0.307996
0.697699 0.0680643 0.307965
0.697705 0.0681445 0.307954
0.697715 0.0682189 0.30796
0.697726 0.0682823 0.307983
0.69774 0.0683346 0.30802
0.697756 0.0683778 0.30807
0.697779 0.0684123 0.308137
0.697802 0.0684369 0.308214
0.697824 0.0684491 0.308306
0.697848 0.0684493 0.308408
0.697874 0.0684413 0.308521
0.697902 0.0684243 0.30864
0.697933 0.0683912 0.308761
0.697966 0.0683466 0.308895
0.697996 0.0682994 0.30903
0.698028 0.0682369 0.309168
0.698058 0.0681623 0.309314
0.69809 0.0680751 0.309465
0.698116 0.0679783 0.309623
0.698149 0.0678681 0.309775
0.698175 0.0677529 0.309936
0.698205 0.0676263 0.3101
0.698234 0.0674907 0.310268
0.698261 0.0673533 0.310439
0.698288 0.0672045 0.310615
0.698316 0.067047 0.310798
0.698342 0.0668877 0.31098
0.698368 0.0667141 0.311171
0.698393 0.0665394 0.311362
0.698416 0.066357 0.311557
0.698437 0.06617 0.311754
0.698457 0.0659763 0.311953
0.698478 0.0657761 0.312155
0.6985 0.0655726 0.312359
0.698521 0.0653659 0.312562
0.698541 0.065154 0.312771
0.698561 0.0649398 0.312976
0.698579 0.0647235 0.313186
0.698595 0.0645047 0.313392
0.698611 0.0642866 0.313591
0.698623 0.0640692 0.313792
0.698635 0.0638463 0.31399
0.698645 0.0636377 0.314176
0.698653 0.063425 0.314365
0.698659 0.0632147 0.31455
0.698663 0.0630108 0.314727
0.698666 0.0628025 0.314906
0.698669 0.0626006 0.315075
0.698669 0.0624032 0.315237
0.698669 0.0622081 0.315397
0.698666 0.0620218 0.315547
0.69866 0.0618313 0.315698
0.698654 0.0616518 0.315838
0.698644 0.0614753 0.315974
0.698634 0.0613061 0.316103
0.698622 0.0611418 0.316228
0.698609 0.0609801 0.316348
0.698594 0.0608261 0.316464
0.698581 0.0606831 0.316571
0.698567 0.0605415 0.316674
0.698553 0.0604099 0.316771
0.698538 0.060285 0.316865
0.698523 0.0601646 0.316956
0.698509 0.060053 0.317043
0.698494 0.0599462 0.31713
0.698481 0.0598492 0.317213
0.698468 0.0597558 0.317299
0.698457 0.0596716 0.317385
0.698448 0.0595937 0.31747
0.698443 0.059524 0.317553
0.698438 0.0594631 0.317636
0.698436 0.0594063 0.317719
0.698435 0.0593554 0.317805
0.698435 0.0593134 0.317891
0.698439 0.0592765 0.317981
0.698448 0.0592468 0.318073
0.698462 0.0592259 0.318166
0.698479 0.0592096 0.318263
0.698498 0.0592 0.318369
0.698524 0.059198 0.318479
0.698553 0.0592029 0.318593
0.698588 0.0592148 0.318709
0.698609 0.059221 0.31878
0.698664 0.0592436 0.318943
0.698708 0.0592684 0.319071
0.698758 0.0593019 0.319203
0.69881 0.0593362 0.319336
0.69886 0.0593729 0.319473
0.698915 0.0594169 0.319617
0.698974 0.0594655 0.319763
0.699033 0.059512 0.319917
0.699094 0.0595649 0.320075
0.699158 0.0596255 0.320237
0.699222 0.0596892 0.320399
0.699294 0.0597587 0.320567
0.699363 0.0598261 0.320741
0.699434 0.0599006 0.320917
0.699504 0.0599785 0.321093
0.699578 0.0600654 0.321283
0.699649 0.0601545 0.321462
0.699723 0.0602441 0.321644
0.699794 0.060339 0.321837
0.699862 0.0604366 0.322027
0.699934 0.0605412 0.322215
0.7 0.0606448 0.322402
0.700069 0.0607584 0.32259
0.700112 0.060829 0.322711
0.7002 0.0609937 0.322979
0.700269 0.0611208 0.323178
0.70034 0.0612469 0.323362
0.70041 0.0613796 0.323548
0.700475 0.0615145 0.323736
0.700542 0.0616537 0.323923
0.700612 0.0617982 0.324107
0.700682 0.0619497 0.324292
0.700753 0.0621027 0.324478
0.700826 0.0622614 0.324662
0.700896 0.0624198 0.324839
0.700966 0.0625837 0.325019
0.701033 0.0627483 0.325192
0.701104 0.0629211 0.32536
0.701172 0.0630943 0.325522
0.701243 0.0632715 0.325678
0.70131 0.0634494 0.325836
0.701378 0.0636328 0.325989
0.701442 0.0638102 0.326132
0.701504 0.0639877 0.326269
0.701567 0.0641602 0.3264
0.701629 0.0643368 0.326526
0.701692 0.0645159 0.326646
0.701752 0.0646876 0.326759
0.701814 0.0648723 0.326873
0.701876 0.0650592 0.326982
0.701932 0.0652346 0.327082
0.701989 0.0654104 0.327177
0.702045 0.0655894 0.32727
0.702106 0.0657766 0.327364
0.702165 0.0659614 0.327452
0.702201 0.066072 0.327503
0.702277 0.0663133 0.327609
0.702333 0.0664945 0.327685
0.70239 0.06668 0.327758
0.702443 0.0668597 0.327827
0.702474 0.0669691 0.327867
0.702541 0.0672073 0.327948
0.702584 0.0673678 0.327996
0.702627 0.0675381 0.328045
0.702668 0.0677035 0.328091
0.702691 0.0678048 0.328116
0.702735 0.0680076 0.328158
0.702765 0.0681609 0.328187
0.702793 0.0683121 0.32821
0.70282 0.0684686 0.328231
0.702846 0.0686119 0.328242
0.702869 0.0687433 0.328247
0.702892 0.0688733 0.328251
0.702916 0.0689989 0.328251
0.702942 0.0691294 0.328249
0.702964 0.0692522 0.328248
0.702977 0.0693247 0.328245
0.703006 0.0694716 0.328236
0.703017 0.0695365 0.328229
0.70304 0.0696743 0.328215
0.70305 0.0697329 0.328208
0.703069 0.0698554 0.328185
0.70308 0.0699381 0.328169
0.703088 0.0700162 0.328149
0.703092 0.0700625 0.328135
